0 0 0 0 0 0 0 0 0 0 0 0 0 0 0 0 0 0 0 0 0 0 0 0 0 0 0 0 0 0 0 0 0 0 0 0 0 0 0 0 0 0 0 0 0 0 0 0 0 0 0 0 0 0 0 0 0 0 0 0 0 0 0 0
0 0 0 0 0 0 0 0 0 0 0 0 0 0 0 0 0 0 0 0 0 0 0 0 0 0 0 0 0 0 0 0 0 0 0 0 0 0 0 0 0 0 0 0 0 0 0 0 0 0 0 0 0 0 0 0 0 0 0 0 0 0 0 0
0 0 0 0 0 0 0 0 0 0 0 0 0 0 0 0 0 0 0 0 0 0 0 0 0 0 0 0 0 0 0 0 0 0 0 0 0 0 0 0 0 0 0 0 0 0 0 0 0 0 0 0 0 0 0 0 0 0 0 0 0 0 0 0
0 0 0 0 0 0 0 0 0 0 0 0 0 0 0 0 0 0 0 0 0 0 0 0 0 0 0 0 0 0 0 0 0 0 0 0 0 0 0 0 0 0 0 0 0 0 0 0 0 0 0 0 0 0 0 0 0 0 0 0 0 0 0 0
0 0 0 0 0 0 0 0 0 0 0 0 0 0 0 0 0 0 0 0 0 0 0 0 0 0 0 0 0 0 0 0 0 0 0 0 0 0 0 0 0 0 0 0 0 0 0 0 0 0 0 0 0 0 0 0 0 0 0 0 0 0 0 0
0 0 0 0 0 0 0 0 0 0 0 0 0 0 0 0 0 0 0 0 0 0 0 0 0 0 0 0 0 0 0 0 0 0 0 0 0 0 0 0 0 0 0 0 0 0 0 0 0 0 0 0 0 0 0 0 0 0 0 0 0 0 0 0
0 0 0 0 0 0 0 0 0 0 0 0 0 0 0 0 0 0 0 0 0 0 0 0 0 0 0 0 0 0 0 0 0 0 0 0 0 0 0 0 0 0 0 0 0 0 0 0 0 0 0 0 0 0 0 0 0 0 0 0 0 0 0 0
0 0 0 0 0 0 0 0 0 0 0 0 0 0 0 0 0 0 0 0 0 0 0 0 0 0 0 0 0 0 0 0 0 0 0 0 0 0 0 0 0 0 0 0 0 0 0 0 0 0 0 0 0 0 0 0 0 0 0 0 0 0 0 0
0 0 0 0 0 0 0 0 0 0 0 0 0 0 0 0 0 0 0 0 0 0 0 0 0 0 0 0 0 0 0 0 0 0 0 0 0 0 0 0 0 0 0 0 0 0 0 0 0 0 0 0 0 0 0 0 0 0 0 0 0 0 0 0
0 0 0 0 0 0 0 0 0 0 0 0 0 0 0 0 0 0 0 0 0 0 0 0 0 0 0 0 0 0 0 0 0 0 0 0 0 0 0 0 0 0 0 0 0 0 0 0 0 0 0 0 0 0 0 0 0 0 0 0 0 0 0 0
0 0 0 0 0 0 0 0 0 0 0 0 0 0 0 0 0 0 0 0 0 0 0 0 0 0 0 0 0 0 0 0 0 0 0 0 0 0 0 0 0 0 0 0 0 0 0 0 0 0 0 0 0 0 0 0 0 0 0 0 0 0 0 0
0 0 0 0 0 0 0 0 0 0 0 0 0 0 0 0 0 0 0 0 0 0 0 0 0 0 0 0 0 0 0 0 0 0 0 0 0 0 0 0 0 0 0 0 0 0 0 0 0 0 0 0 0 0 0 0 0 0 0 0 0 0 0 0
0 0 0 0 0 0 0 0 0 0 0 0 0 0 0 0 0 0 0 0 0 0 0 0 0 0 0 0 0 0 0 0 0 0 0 0 0 0 0 0 0 0 0 0 0 0 0 0 0 0 0 0 0 0 0 0 0 0 0 0 0 0 0 0
0 0 0 0 0 0 0 0 0 0 0 0 0 0 0 0 0 0 0 0 0 0 0 0 0 0 0 0 0 0 0 0 0 0 0 0 0 0 0 0 0 0 0 0 0 0 0 0 0 0 0 0 0 0 0 0 0 0 0 0 0 0 0 0
0 0 0 0 0 0 0 0 0 0 0 0 0 0 0 0 0 0 0 0 0 0 0 0 0 0 0 0 0 0 0 0 0 0 0 0 0 0 0 0 0 0 0 0 0 0 0 0 0 0 0 0 0 0 0 0 0 0 0 0 0 0 0 0
0 0 0 0 0 0 0 0 0 0 0 0 0 0 0 0 0 0 0 0 0 0 0 0 0 0 0 0 0 0 0 0 0 0 0 0 0 0 0 0 0 0 0 0 0 0 0 0 0 0 0 0 0 0 0 0 0 0 0 0 0 0 0 0
0 0 0 0 0 0 0 0 0 0 0 0 0 0 0 0 0 0 0 0 0 0 0 0 0 0 0 0 0 0 0 0 0 0 0 0 0 0 0 0 0 0 0 0 0 0 0 0 0 0 0 0 0 0 0 0 0 0 0 0 0 0 0 0
0 0 0 0 0 0 0 0 0 0 0 0 0 0 0 0 0 0 0 0 0 0 0 0 0 0 0 0 0 0 0 0 0 0 0 0 0 0 0 0 0 0 0 0 0 0 0 0 0 0 0 0 0 0 0 0 0 0 0 0 0 0 0 0
0 0 0 0 0 0 0 0 0 0 0 0 0 0 0 0 0 0 0 0 0 0 0 0 0 0 0 0 0 0 0 0 0 0 0 0 0 0 0 0 0 0 0 0 0 0 0 0 0 0 0 0 0 0 0 0 0 0 0 0 0 0 0 0
0 0 0 0 0 0 0 0 0 0 0 0 0 0 0 0 0 0 0 0 0 0 0 0 0 0 0 0 0 0 0 0 0 0 0 0 0 0 0 0 0 0 0 0 0 0 0 0 0 0 0 0 0 0 0 0 0 0 0 0 0 0 0 0
0 0 0 0 0 0 0 0 0 0 0 0 0 0 0 0 0 0 0 0 0 0 0 0 0 0 0 0 0 0 0 0 0 0 0 0 0 0 0 0 0 0 0 0 0 0 0 0 0 0 0 0 0 0 0 0 0 0 0 0 0 0 0 0
0 0 0 0 0 0 0 0 0 0 0 0 0 0 0 0 0 0 0 0 0 0 0 0 0 0 0 0 0 0 0 0 0 0 0 0 0 0 0 0 0 0 0 0 0 0 0 0 0 0 0 0 0 0 0 0 0 0 0 0 0 0 0 0
0 0 0 0 0 0 0 0 0 0 0 0 0 0 0 0 0 0 0 0 0 0 0 0 0 0 0 0 0 0 0 0 0 0 0 0 0 0 0 0 0 0 0 0 0 0 0 0 0 0 0 0 0 0 0 0 0 0 0 0 0 0 0 0
0 0 0 0 0 0 0 0 0 0 0 0 0 0 0 0 0 0 0 0 0 0 0 0 0 0 0 0 0 0 0 0 0 0 0 0 0 0 0 0 0 0 0 0 0 0 0 0 0 0 0 0 0 0 0 0 0 0 0 0 0 0 0 0
0 0 0 0 0 0 0 0 0 0 0 0 0 0 0 0 0 0 0 0 0 0 0 0 0 0 0 0 0 0 0 0 0 0 0 0 0 0 0 0 0 0 0 0 0 0 0 0 0 0 0 0 0 0 0 0 0 0 0 0 0 0 0 0
0 0 0 0 0 0 0 0 0 0 0 0 0 0 0 0 0 0 0 0 0 0 0 0 0 0 0 0 0 0 0 0 0 0 0 0 0 0 0 0 0 0 0 0 0 0 0 0 0 0 0 0 0 0 0 0 0 0 0 0 0 0 0 0
0 0 0 0 0 0 0 0 0 0 0 0 0 0 0 0 0 0 0 0 0 0 0 0 0 0 0 0 0 0 0 0 0 0 0 0 0 0 0 0 0 0 0 0 0 0 0 0 0 0 0 0 0 0 0 0 0 0 0 0 0 0 0 0
0 0 0 0 0 0 0 0 0 0 0 0 0 0 0 0 0 0 0 0 0 0 0 0 0 0 0 0 0 0 0 0 0 0 0 0 0 0 0 0 0 0 0 0 0 0 0 0 0 0 0 0 0 0 0 0 0 0 0 0 0 0 0 0
0 0 0 0 0 0 0 0 0 0 0 0 0 0 0 0 0 0 0 0 0 0 0 0 0 0 0 0 0 0 0 0 0 0 0 0 0 0 0 0 0 0 0 0 0 0 0 0 0 0 0 0 0 0 0 0 0 0 0 0 0 0 0 0
0 0 0 0 0 0 0 0 0 0 0 0 0 0 0 0 0 0 0 0 0 0 0 0 0 0 0 0 0 0 0 0 0 0 0 0 0 0 0 0 0 0 0 0 0 0 0 0 0 0 0 0 0 0 0 0 0 0 0 0 0 0 0 0
0 0 0 0 0 0 0 0 0 0 0 0 0 0 0 0 0 0 0 0 0 0 0 0 0 0 0 0 0 0 0 0 0 0 0 0 0 0 0 0 0 0 0 0 0 0 0 0 0 0 0 0 0 0 0 0 0 0 0 0 0 0 0 0
0 0 0 0 0 0 0 0 0 0 0 0 0 0 0 0 0 0 0 0 0 0 0 0 0 0 0 0 0 0 0 0 0 0 0 0 0 0 0 0 0 0 0 0 0 0 0 0 0 0 0 0 0 0 0 0 0 0 0 0 0 0 0 0
0 0 0 0 0 0 0 0 0 0 0 0 0 0 0 0 0 0 0 0 0 0 0 0 0 0 0 0 0 0 0 0 0 0 0 0 0 0 0 0 0 0 0 0 0 0 0 0 0 0 0 0 0 0 0 0 0 0 0 0 0 0 0 0
0 0 0 0 0 0 0 0 0 0 0 0 0 0 0 0 0 0 0 0 0 0 0 0 0 0 0 0 0 0 0 0 0 0 0 0 0 0 0 0 0 0 0 0 0 0 0 0 0 0 0 0 0 0 0 0 0 0 0 0 0 0 0 0
0 0 0 0 0 0 0 0 0 0 0 0 0 0 0 0 0 0 0 0 0 0 0 0 0 0 0 0 0 0 0 0 0 0 0 0 0 0 0 0 0 0 0 0 0 0 0 0 0 0 0 0 0 0 0 0 0 0 0 0 0 0 0 0
0 0 0 0 0 0 0 0 0 0 0 0 0 0 0 0 0 0 0 0 0 0 0 0 0 0 0 0 0 0 0 0 0 0 0 0 0 0 0 0 0 0 0 0 0 0 0 0 0 0 0 0 0 0 0 0 0 0 0 0 0 0 0 0
0 0 0 0 0 0 0 0 0 0 0 0 0 0 0 0 0 0 0 0 0 0 0 0 0 0 0 0 0 0 0 0 0 0 0 0 0 0 0 0 0 0 0 0 0 0 0 0 0 0 0 0 0 0 0 0 0 0 0 0 0 0 0 0
0 0 0 0 0 0 0 0 0 0 0 0 0 0 0 0 0 0 0 0 0 0 0 0 0 0 0 0 0 0 0 0 0 0 0 0 0 0 0 0 0 0 0 0 0 0 0 0 0 0 0 0 0 0 0 0 0 0 0 0 0 0 0 0
0 0 0 0 0 0 0 0 0 0 0 0 0 0 0 0 0 0 0 0 0 0 0 0 0 0 0 0 0 0 0 0 0 0 0 0 0 0 0 0 0 0 0 0 0 0 0 0 0 0 0 0 0 0 0 0 0 0 0 0 0 0 0 0
0 0 0 0 0 0 0 0 0 0 0 0 0 0 0 0 0 0 0 0 0 0 0 0 0 0 0 0 0 0 0 0 0 0 0 0 0 0 0 0 0 0 0 0 0 0 0 0 0 0 0 0 0 0 0 0 0 0 0 0 0 0 0 0
0 0 0 0 0 0 0 0 0 0 0 0 0 0 0 0 0 0 0 0 0 0 0 0 0 0 0 0 0 0 0 0 0 0 0 0 0 0 0 0 0 0 0 0 0 0 0 0 0 0 0 0 0 0 0 0 0 0 0 0 0 0 0 0
0 0 0 0 0 0 0 0 0 0 0 0 0 0 0 0 0 0 0 0 0 0 0 0 0 0 0 0 0 0 0 0 0 0 0 0 0 0 0 0 0 0 0 0 0 0 0 0 0 0 0 0 0 0 0 0 0 0 0 0 0 0 0 0
0 0 0 0 0 0 0 0 0 0 0 0 0 0 0 0 0 0 0 0 0 0 0 0 0 0 0 0 0 0 0 0 0 0 0 0 0 0 0 0 0 0 0 0 0 0 0 0 0 0 0 0 0 0 0 0 0 0 0 0 0 0 0 0
0 0 0 0 0 0 0 0 0 0 0 0 0 0 0 0 0 0 0 0 0 0 0 0 0 0 0 0 0 0 0 0 0 0 0 0 0 0 0 0 0 0 0 0 0 0 0 0 0 0 0 0 0 0 0 0 0 0 0 0 0 0 0 0
0 0 0 0 0 0 0 0 0 0 0 0 0 0 0 0 0 0 0 0 0 0 0 0 0 0 0 0 0 0 0 0 0 0 0 0 0 0 0 0 0 0 0 0 0 0 0 0 0 0 0 0 0 0 0 0 0 0 0 0 0 0 0 0
0 0 0 0 0 0 0 0 0 0 0 0 0 0 0 0 0 0 0 0 0 0 0 0 0 0 0 0 0 0 0 0 0 0 0 0 0 0 0 0 0 0 0 0 0 0 0 0 0 0 0 0 0 0 0 0 0 0 0 0 0 0 0 0
0 0 0 0 0 0 0 0 0 0 0 0 0 0 0 0 0 0 0 0 0 0 0 0 0 0 0 0 0 0 0 0 0 0 0 0 0 0 0 0 0 0 0 0 0 0 0 0 0 0 0 0 0 0 0 0 0 0 0 0 0 0 0 0
0 0 0 0 0 0 0 0 0 0 0 0 0 0 0 0 0 0 0 0 0 0 0 0 0 0 0 0 0 0 0 0 0 0 0 0 0 0 0 0 0 0 0 0 0 0 0 0 0 0 0 0 0 0 0 0 0 0 0 0 0 0 0 0
0 0 0 0 0 0 0 0 0 0 0 0 0 0 0 0 0 0 0 0 0 0 0 0 0 0 0 0 0 0 0 0 0 0 0 0 0 0 0 0 0 0 0 0 0 0 0 0 0 0 0 0 0 0 0 0 0 0 0 0 0 0 0 0
0 0 0 0 0 0 0 0 0 0 0 0 0 0 0 0 0 0 0 0 0 0 0 0 0 0 0 0 0 0 0 0 0 0 0 0 0 0 0 0 0 0 0 0 0 0 0 0 0 0 0 0 0 0 0 0 0 0 0 0 0 0 0 0
0 0 0 0 0 0 0 0 0 0 0 0 0 0 0 0 0 0 0 0 0 0 0 0 0 0 0 0 0 0 0 0 0 0 0 0 0 0 0 0 0 0 0 0 0 0 0 0 0 0 0 0 0 0 0 0 0 0 0 0 0 0 0 0
0 0 0 0 0 0 0 0 0 0 0 0 0 0 0 0 0 0 0 0 0 0 0 0 0 0 0 0 0 0 0 0 0 0 0 0 0 0 0 0 0 0 0 0 0 0 0 0 0 0 0 0 0 0 0 0 0 0 0 0 0 0 0 0
0 0 0 0 0 0 0 0 0 0 0 0 0 0 0 0 0 0 0 0 0 0 0 0 0 0 0 0 0 0 0 0 0 0 0 0 0 0 0 0 0 0 0 0 0 0 0 0 0 0 0 0 0 0 0 0 0 0 0 0 0 0 0 0
0 0 0 0 0 0 0 0 0 0 0 0 0 0 0 0 0 0 0 0 0 0 0 0 0 0 0 0 0 0 0 0 0 0 0 0 0 0 0 0 0 0 0 0 0 0 0 0 0 0 0 0 0 0 0 0 0 0 0 0 0 0 0 0
0 0 0 0 0 0 0 0 0 0 0 0 0 0 0 0 0 0 0 0 0 0 0 0 0 0 0 0 0 0 0 0 0 0 0 0 0 0 0 0 0 0 0 0 0 0 0 0 0 0 0 0 0 0 0 0 0 0 0 0 0 0 0 0
0 0 0 0 0 0 0 0 0 0 0 0 0 0 0 0 0 0 0 0 0 0 0 0 0 0 0 0 0 0 0 0 0 0 0 0 0 0 0 0 0 0 0 0 0 0 0.054002 0 0 0 0 0 0 0 0 0 0 0 0 0 0 0 0 0
0 0 0 0 0 0 0 0 0 0 0 0 0 0 0 0 0 0 0 0 0 0 0 0 0 0 0 0 0 0 0 0 0 0 0 0 0 0 0 0 0 0 0 0 0 0 0 0 0 0 0 0 0 0 0 0 0 0 0 0 0 0 0 0
0 0 0 0 0 0 0 0 0 0 0 0 0 0 0 0 0 0 0 0 0 0 0 0 0 0 0 0 0 0 0 0 0 0 0 0 0 0 0 0 0 0 0 0 0 0 0 0 0 0 0 0 0 0 0 0 0 0 0 0 0 0 0 0
0 0 0 0 0 0 0 0 0 0 0 0 0 0 0 0 0 0 0 0 0 0 0 0 0 0 0 0 0 0 0 0 0 0 0 0 0 0 0 0 0 0 0 0 0 0 0 0 0 0 0 0 0 0 0 0 0 0 0 0 0 0 0 0
0 0 0 0 0 0 0 0 0 0 0 0 0 0 0 0 0 0 0 0 0 0 0 0 0 0 0 0 0 0 0 0 0 0 0 0 0.30664 0 0 0 0 0 0 0 0 0 0 0 0 0 0 0 0 0 0 0 0 0 0 0 0 0 0 0
0 0 0 0 0 0 0 0 0 0 0 0 0 0 0 0 0 0 0 0 0 0 0 0 0 0 0 0 0 0 0 0 0 0 0 0 0 0 0 0 0 0 0 0 0 0 0 0 0 0 0 0 0 0 0 0 0 0 0 0 0 0 0 0
0 0 0 0 0 0 0 0 0 0 0 0 0 0 0 0 0 0 0 0 0 0 0 0 0 0 0 0 0 0 0 0 0 0 0 0 0 0 0 0 0 0 0 0 0 0 0 0 0 0 0 0 0 0 0 0 0 0 0 0 0 0 0 0
0 0 0 0 0 0 0 0 0 0 0 0 0 0 0 0 0 0 0 0 0 0 0 0 0 0 0 0 0 0 0 0 0 0 0 0 0 0 0 0 0 0 0 0 0 0 0 0 0 0 0 0 0 0 0 0 0 0 0 0 0 0 0 0
0 0 0 0 0 0 0 0 0 0 0 0 0 0 0 0 0 0 0 0 0 0 0 0 0 0 0 0 0 0 0 0 0 0 0 0 0 0 0 0 0 0 0 0 0 0 0 0 0 0 0 0 0 0 0 0 0 0 0 0 0 0 0 0
0 0 0 0 0 0 0 0 0 0 0 0 0 0 0 0 0 0 0 0 0 0 0 0 0 0 0 0 0 0 0 0 0 0 0 0 0 0 0 0 0 0 0 0 0 0 0 0 0 0 0 0 0 0 0 0 0 0 0 0 0 0 0 0
0 0 0 0 0 0 0 0 0 0 0 0 0 0 0 0 0 0 0 0 0 0 0 0 0 0 0 0 0 0 0 0.19298 0 0 0 0 0 0 0 0 0 0 0 0 0 0 0 0 0 0 0 0 0 0 0 0 0 0 0 0 0 0 0 0
0 0 0 0 0 0 0 0 0 0 0 0 0 0 0 0 0 0 0 0 0 0 0 0 0 0 0 0 0 0.15852 0.25128 0.0077176 0 0 0 0 0 0 0 0 0 0 0 0 0 0 0 0 0 0 0 0 0 0 0 0 0.065536 0 0 0 0 0 0 0
0.027861 0 0 0 0 0 0 0 0 0 0 0 0 0 0 0 0 0 0 0 0 0 0 0 0 0 0 0 0 0 0.36397 0.014908 0 0 0 0 0 0 0 0 0 0 0 0 0 0 0 0 0 0 0 0 0 0 0 0 0 0 0 0 0 0 0 0
0.053553 0 0 0 0 0 0 0 0 0 0 0 0 0 0 0 0 0 0 0 0 0 0 0 0 0 0 0 0 0 0 0 0 0 0 0 0 0 0 0 0 0 0 0 0 0 0 0 0 0 0 0 0 0 0 0 0 0 0 0 0 0 0 0
0 0.10403 0 0 0 0 0 0 0 0 0 0 0 0 0 0 0 0 0 0 0 0 0 0 0 0 0 0 0 0 0 0 0 0 0 0 0 0 0 0 0 0 0 0 0 0 0 0 0 0 0 0 0 0 0 0 0 0 0 0 0 0 0 0
0 0 0 0 0 0 0 0.04518 0 0 0 0 0 0 0 0 0 0 0 0 0 0 0 0 0 0 0 0 0 0 0 0 0 0 0 0 0 0 0 0 0 0 0 0 0 0 0 0 0 0 0 0 0 0 0 0 0 0 0 0 0 0 0 0
0 0 0 0 0 0 0 0 0 0 0 0 0 0 0 0 0 0 0 0 0 0 0 0 0 0 0 0 0 0 0 0 0 0 0 0 0 0 0 0 0 0 0 0.010152 0 0 0 0 0 0 0 0 0 0 0 0 0 0 0 0 0 0 0 0
0 0 0 0 0 0 0.07744 0.12081 0.196 0 0 0 0 0 0 0 0 0 0 0 0 0 0 0 0 0 0 0 0 0 0 0 0 0 0 0 0 0 0 0 0 0 0 0.23544 0.026444 0 0 0 0 0 0 0 0 0 0 0 0 0 0 0 0 0 0 0
0 0 0 0 0 0 0 0 0.015848 0 0 0 0 0 0 0 0 0 0 0 0 0 0 0 0.5291 0.0097274 0 0 0 0 0 0.0020163 0.040722 0 0 0 0 0 0 0 0 0 0 0 0.018276 0 0 0 0 0 0 0 0 0 0 0 0 0 0 0 0.074266 0 0 0
0 0 0 0 0 0 0.24909 0.06568 0 0.44585 0 0 0 0 0 0 0 0 0 0 0 0 0 0 0.1326 0 0 0 0 0 0 0 0.41314 0.20333 0 0 0 0 0 0 0 0 0 0 0 0 0 0 0 0 0 0 0 0 0 0 0 0 0 0 0.22495 0 0 0
0 0 0 0 0 0 0.37227 0.17524 0 0 0 0 0 0 0 0 0 0 0 0 0 0 0 0 0.45185 0.33751 0 0 0 0 0 0 0 0 0 0 0 0 0 0 0 0 0 0 0 0 0 0 0 0 0 0 0 0 0 0 0 0.1464 0 0 0.12483 0.076673 0 0
0 0 0 0 0 0 0 0 0 0 0 0 0 0 0 0 0 0 0 0 0 0 0.26846 0 0.070271 0 0 0 0 0 0 0 0 0 0 0 0 0 0 0 0 0.11985 0 0 0 0 0 0 0 0 0 0 0.017422 0 0 0 0 0.27114 0 0 0.057228 0.11291 0 0.057266
0 0 0 0 0 0 0 0 0 0 0 0 0 0 0 0 0 0 0 0 0 0 0 0 0 0 0 0 0 0 0 0 0 0 0 0 0 0 0 0 0 0 0 0 0 0 0 0 0 0 0 0 0 0.12837 0 0 0 0 0 0 0 0 0 0
0 0 0 0 0 0 0 0 0 0 0 0 0 0 0 0 0 0 0 0 0 0 0 0 0 0 0 0 0 0 0 0 0 0 0 0 0 0 0 0 0 0 0 0 0 0 0 0 0 0 0 0 0.0074352 0 0 0 0 0 0 0 0 0 0 0
0 0 0 0 0 0 0 0 0.087013 0 0 0 0 0 0 0 0 0 0 0 0 0 0 0 0 0 0 0 0 0 0 0 0 0 0 0 0 0 0 0 0 0 0 0 0 0 0 0 0 0 0 0 0 0.0063479 0 0 0 0 0 0 0 0 0 0
0 0 0 0 0 0 0 0 0 0 0 0 0 0 0 0 0 0 0 0 0 0 0 0 0 0 0 0 0 0 0 0 0 0 0 0 0 0 0 0 0 0 0 0 0 0 0 0 0 0 0 0 0 0 0 0 0 0 0 0 0 0 0 0
0 0 0 0 0 0 0 0 0 0 0 0 0 0 0 0 0 0 0 0 0 0 0 0 0 0 0 0 0 0 0 0 0 0 0 0 0.032174 0 0 0 0 0 0 0 0 0 0 0 0 0 0 0 0 0 0 0 0 0 0 0 0 0 0 0
0 0 0 0 0 0 0 0 0 0 0 0 0 0 0 0 0 0 0 0 0 0 0 0 0 0 0 0 0 0 0 0 0 0 0 0 0 0 0 0 0 0 0 0 0 0 0 0 0 0 0 0 0 0 0 0 0 0 0 0 0 0 0 0
0 0 0 0 0 0 0 0 0 0 0 0 0 0 0 0 0 0 0 0 0 0 0 0 0 0 0 0 0 0 0 0 0 0 0 0 0 0 0 0 0 0 0 0 0 0 0 0 0 0 0 0 0 0 0 0 0 0 0 0 0 0 0 0
0 0 0 0 0 0 0 0 0 0 0 0 0 0 0 0 0 0 0 0 0 0 0 0 0 0 0 0 0 0 0 0 0 0 0 0.37803 0 0 0 0 0 0 0 0 0 0 0 0 0 0 0 0 0 0 0 0 0 0 0 0 0 0 0 0
0 0 0 0 0 0 0 0 0 0 0 0 0 0 0 0 0 0 0 0 0 0 0 0 0 0 0 0 0 0 0 0 0 0 0 0 0 0 0 0 0 0 0 0 0 0 0 0 0 0 0 0 0 0 0.030175 0 0 0 0 0 0 0 0 0
0 0 0 0 0 0 0 0 0 0 0 0 0 0 0 0 0 0 0 0 0 0 0 0 0 0 0 0 0 0 0 0 0 0 0 0 0 0 0 0 0 0 0 0 0 0 0 0.056843 0 0 0 0 0 0 0 0 0 0 0 0 0 0 0 0
0 0 0 0 0 0 0 0 0 0 0 0 0 0 0.4849 0 0 0 0 0 0 0 0.16311 0 0 0 0 0 0 0 0 0 0 0 0 0 0 0 0 0 0 0 0.092605 0 0 0 0 0 0 0 0 0 0 0 0 0 0 0 0 0 0 0 0 0.02871
0 0 0 0 0 0 0 0 0 0 0 0 0 0 0 0 0 0 0 0 0 0.035544 0 0.22368 0.024114 0 0 0 0 0 0 0 0 0 0 0 0 0 0 0 0 0 0 0 0.10964 0 0.063427 0 0 0 0 0.21264 0 0 0 0 0 0 0 0.25305 0 0 0 0
0 0 0 0 0 0 0 0 0.18158 0.3223 0 0 0 0 0 0 0 0 0 0 0 0 0 0 0 0.12229 0.0564 0 0 0 0 0.23015 0 0 0 0 0 0.0014348 0 0 0 0.063063 0 0.31246 0 0 0.12969 0.10371 0 0.21556 0.19638 0 0 0 0 0 0 0 0 0 0 0 0 0
0.0081897 0.32885 0 0 0 0.01454 0.56628 0.16004 0.35248 0 0.028214 0.29257 0 0 0 0 0.058377 0 0.0045314 0 0.15388 0 0.29628 0 0 0.29671 0 0 0 0 0 0 0 0 0 0.24964 0 0 0 0 0.011698 0.35609 0 0.29886 0 0 0 0.018492 0 0.19922 0.55178 0 0 0 0 0 0 0 0 0 0.32311 0 0.22612 0
0 0 0 0 0 0 0.28003 0.42446 0 0.13127 0 0 0 0 0 0 0.26365 0 0 0.16059 0 0 0 0 0 0 0 0 0.036068 0 0 0.26753 0 0 0 0.25195 0.01354 0 0.26006 0 0 0 0 0 0.0051837 0 0.099967 0.25543 0.29549 0.36577 0.46759 0 0 0 0.23809 0.15972 0 0 0 0 0 0 0.18031 0.20778
0.064422 0 0 0 0 0.20797 0 0 0 0 0.013474 0.20798 0 0.095451 0 0.1956 0 0 0.29658 0.19375 0 0 0 0.051189 0.024197 0.13742 0 0 0.02241 0.16922 0 0.19234 0 0 0 0 0 0 0 0.17621 0.2636 0.15486 0.21324 0 0 0.25863 0.24875 0 0.11799 0 0.29606 0 0 0 0 0.45682 0.35551 0 0 0.21727 0.1872 0.46431 0 0
0.28166 0 0 0.24503 0 0 0 0.1237 0 0 0.37083 0 0 0.52391 0.32679 0 0.2068 0.24005 0.039276 0.36122 0.45212 0.076932 0 0.30795 0 0.3779 0.084675 0.45265 0.45918 0.34737 0.18856 0 0.16906 0.15411 0.26731 0 0.28384 0.548 0 0 0.11338 0.023294 0.25323 0.45022 0.070114 0.43115 0 0.19609 0.20564 0.15469 0 0.23875 0 0.077831 0.38646 0.13315 0 0 0 0.26451 0 0 0.37053 0.10859
0.2384 0.27194 0 0 0.3229 0.20875 0.24844 0.027496 0.07129 0.10173 0.34495 0.37787 0.20036 0.1892 0.12259 0.046682 0 0 0.23821 0 0.09127 0 0 0 0.080873 0.059439 0 0 0 0.016572 0.074821 0 0 0.20511 0 0.45806 0 0.31611 0 0.246 0 0 0 0 0.060525 0 0 0 0 0.17943 0.16662 0.0021032 0.20154 0.078438 0.16708 0 0.11117 0 0 0 0 0.24676 0 0
0.097488 0.07899 0.3005 0.075908 0.044031 0.19975 0.050336 0.21756 0.07556 0.27823 0.40013 0.05328 0.29462 0.017962 0.26543 0.058089 0.59608 0.49206 0.30096 0.42406 0.053154 0.50853 0.58248 0.35056 0.42331 0.5025 0.53675 0 0.51009 0.36356 0.072363 0.13783 0.38834 0.55896 0.42761 0.24242 0.25155 0.3285 0.50344 0.025924 0.10576 0.52287 0 0 0.050871 0 0.095198 0.079939 0.43397 0.16209 0.029509 0.5748 0.28589 0.4597 0.28547 0.33401 0.41609 0 0.11605 0 0.23148 0.15246 0.19407 0
0.40367 0.53887 0.17858 0.50889 0.45564 0.3341 0.37396 0.34593 0.35961 0.33061 0.49445 0.44188 0.096459 0.38264 0.34475 0.55962 0.35572 0.44393 0.52501 0.32822 0.49074 0.38407 0.08018 0.52651 0 0.22963 0.47297 0.35664 0.49226 0.51623 0.442 0.33658 0.52524 0.54937 0.17777 0.38512 0 0.082831 0.58969 0.29725 0.12338 0.24347 0.36362 0.20613 0.21053 0.30643 0.12478 0.4009 0.498 0.54047 0.13237 0.48943 0.4507 0.36851 0.15975 0.48645 0.24133 0 0.061231 0 0.0039756 0.34517 0.45869 0.12539
0 0.2001 0 0 0 0 0.15859 0 0.057205 0 0 0.4394 0.1656 0.27465 0 0 0 0 0.020924 0 0 0 0.028903 0 0.22206 0.069275 0.41965 0 0 0.21695 0 0.30819 0 0 0 0.23878 0.43978 0 0.38818 0.50095 0.26223 0 0.1721 0.083953 0 0 0 0.18214 0.28083 0 0.22999 0 0 0 0.37085 0.18862 0.38431 0.45678 0.25552 0 0.39444 0.43558 0 0
0 0 0 0 0 0 0 0 0.15062 0 0 0.045832 0.37146 0 0 0.2093 0 0.29996 0 0 0 0 0 0 0 0 0 0 0.022001 0 0 0 0 0 0 0 0 0 0 0.18487 0 0 0 0 0.045173 0 0 0 0 0 0 0 0 0.27792 0.12974 0.35452 0.20131 0 0 0 0 0 0 0
0 0 0 0 0 0 0 0 0.10263 0 0.17045 0 0 0 0.054117 0 0 0 0 0 0 0 0 0 0 0 0 0 0 0 0 0 0 0 0 0 0 0 0 0.047126 0.28991 0 0 0 0 0 0 0 0 0 0 0 0 0 0 0 0 0 0.33741 0 0 0 0 0
0 0 0 0 0 0 0 0 0 0 0.049492 0 0.26629 0.059978 0 0 0.11694 0 0 0 0 0.079907 0 0 0 0 0 0 0 0 0 0.072455 0 0 0 0 0 0 0 0.19566 0 0 0 0 0 0 0 0 0 0 0 0 0 0 0 0 0 0 0 0 0 0 0 0
0 0 0 0 0 0 0 0.036638 0.19852 0 0.33293 0 0 0 0 0 0 0 0 0 0 0 0 0 0.11543 0 0 0 0 0 0 0 0 0 0 0.10197 0 0 0 0 0 0 0 0 0 0 0 0 0 0 0 0 0 0 0 0 0 0 0 0 0 0 0 0
0 0 0 0 0 0 0 0 0 0 0 0 0 0 0 0 0 0 0 0 0 0 0 0 0 0 0 0.042863 0 0 0 0 0 0 0 0.27825 0 0 0 0 0.054684 0 0 0 0 0 0 0 0 0 0 0 0 0 0 0 0.13946 0 0.057481 0 0 0 0 0
0 0 0 0 0 0 0 0 0 0 0 0 0 0 0 0 0 0 0 0 0 0 0 0 0 0 0 0 0 0 0 0 0 0 0.13368 0.11169 0 0 0 0 0 0 0 0 0 0 0 0 0 0 0 0 0 0 0 0.013831 0 0.1774 0 0 0 0 0.013184 0
0 0 0 0 0 0 0 0 0 0 0 0 0 0 0.28431 0.11837 0 0 0 0 0 0 0 0 0 0 0.051357 0 0 0 0 0 0 0 0.20584 0 0 0 0 0 0 0 0 0 0 0 0 0 0 0 0 0 0 0.09592 0.24277 0.15811 0 0 0.27295 0 0.060309 0 0 0
0.13279 0 0 0 0 0 0 0 0 0 0 0 0 0.0011705 0.23071 0.30785 0.10919 0 0 0 0 0 0.49512 0 0 0 0 0 0 0 0 0 0 0 0 0 0 0 0 0 0 0 0 0 0 0 0.017246 0.017876 0 0.15662 0.094788 0 0 0 0 0.26813 0.0012704 0 0.33299 0 0.27965 0.063774 0 0
0.45132 0.4229 0 0 0 0 0 0 0 0 0 0 0 0 0 0.027895 0 0.06515 0 0 0.013912 0 0.48671 0 0 0 0.067198 0 0 0.18908 0 0 0 0 0 0 0 0 0 0 0 0 0 0 0 0 0.071398 0 0 0 0.28252 0.33575 0.084407 0.031681 0.10136 0.38123 0.044713 0.12937 0.021192 0 0.41842 0.31816 0 0
0.5218 0.66178 0.0025608 0 0 0 0 0 0 0.0077713 0 0 0 0 0 0 0 0 0 0 0 0 0 0 0 0 0 0 0 0 0 0 0 0.024138 0 0 0 0 0 0 0 0 0 0 0 0 0 0.23483 0 0 0.11531 0 0.15553 0.28172 0 0.0090576 0 0 0 0 0 0.3823 0 0
0.51093 0.28443 0.063644 0 0 0 0 0 0 0 0 0 0 0 0 0 0 0 0 0 0 0 0 0 0 0 0 0 0 0.24803 0 0 0 0 0 0 0 0 0 0 0 0 0 0 0 0.0045267 0 0 0 0 0 0 0 0 0.35014 0.53812 0.49567 0.32511 0.26684 0.17707 0 0 0 0
0.4677 0 0 0 0 0 0 0 0 0 0 0 0 0 0 0 0 0 0 0 0 0 0 0 0 0 0 0 0 0.10747 0 0 0 0 0 0.018104 0.01791 0.027882 0 0 0 0 0 0 0 0 0 0.36147 0.034809 0 0 0 0 0.065352 0 0 0 0.31987 0.26877 0.16939 0 0 0 0
0.1294 0.096465 0 0 0 0 0 0 0.43862 0.014357 0 0 0 0 0 0 0 0 0 0 0 0 0 0 0 0 0 0 0.08376 0.38349 0 0 0.22716 0 0 0 0 0 0 0 0 0 0 0 0 0.051447 0 0 0 0 0 0 0 0 0 0 0 0 0.19566 0 0 0 0 0
0.31693 0.19818 0 0.0057699 0 0 0 0 0.17248 0 0 0 0 0 0 0 0 0 0 0 0 0 0 0 0 0 0 0 0 0 0.01684 0.16397 0 0 0 0.039967 0 0 0 0 0 0.0063996 0.018427 0 0.21628 0 0 0 0 0 0 0.35713 0 0 0 0 0 0 0.062918 0 0.48191 0.11175 0.15798 0
0.46388 0 0 0 0.0083961 0 0 0 0 0 0 0 0 0 0 0 0 0.048785 0 0 0 0 0 0 0 0 0 0 0 0 0 0 0 0 0 0 0 0 0 0 0.00097086 0.15447 0.070155 0.022414 0 0 0 0 0 0 0 0 0 0.10842 0.066536 0 0.040937 0.095217 0.12605 0.10325 0.18897 0.27694 0.038634 0
0 0 0 0 0 0 0 0 0 0 0 0 0.069184 0 0 0 0 0 0 0 0 0 0 0 0 0 0 0 0.040174 0 0 0 0 0.17794 0 0 0 0 0 0.061287 0 0.021671 0 0 0 0 0 0 0 0 0.014066 0 0.29436 0.27578 0.32167 0.63477 0.5361 0.42009 0.33218 0.28162 0.064425 0.1018 0.098283 0.072556
0 0 0 0 0 0 0 0 0 0 0 0 0 0 0 0 0 0 0 0 0 0 0 0 0 0 0 0 0 0 0 0 0 0 0.02667 0 0.36659 0 0.089404 0 0 0 0 0.17818 0 0.058503 0 0 0 0 0 0.21364 0 0.073823 0.32719 0.32268 0.15102 0.33374 0.22469 0.20439 0.24133 0.21615 0.12137 0.11599
0 0 0 0 0 0 0 0 0 0 0 0 0 0 0 0 0 0 0 0 0 0 0 0 0 0 0 0 0.15272 0.053969 0 0 0 0.0011419 0 0.0061504 0.013896 0 0.31744 0 0 0.25061 0.20985 0.1742 0 0 0 0.39018 0.4291 0 0 0 0 0 0.034356 0.12069 0 0.12695 0.18015 0.38391 0.16593 0.17586 0.11013 0.07403
0 0 0 0 0 0 0 0 0 0 0 0 0 0 0 0 0 0.091432 0 0 0 0 0 0.035447 0.23178 0.036917 0 0 0 0 0 0 0 0 0 0 0 0 0 0.035392 0 0.46926 0 0 0.29362 0.39414 0 0.46782 0.085914 0 0 0 0 0 0 0 0 0.084447 0.096472 0.16181 0.21134 0 0.031051 0
0 0 0 0 0 0 0 0 0 0 0 0 0 0 0 0 0.012014 0 0 0 0 0 0 0 0.025189 0 0 0 0 0 0 0.13716 0.010787 0.11453 0 0.0074075 0 0 0 0 0 0 0.041398 0.29105 0.36148 0.099895 0 0 0 0.075152 0 0 0 0.077193 0 0 0 0 0 0.02198 0.12865 0.1184 0 0.24329
0 0 0 0 0 0 0 0 0 0 0 0 0 0 0 0 0 0 0 0.07746 0 0 0 0 0 0 0 0 0 0 0 0.0058572 0 0 0.00995 0.27393 0.071077 0.028628 0 0 0 0 0 0.035542 0.44105 0.16702 0 0.03621 0.34677 0.33246 0.35868 0 0 0.48591 0 0.16862 0 0 0 0.11582 0.08161 0.19554 0.26311 0.32983
0 0 0 0 0 0 0 0 0 0 0 0 0 0 0.00095606 0.11283 0 0 0 0.051194 0.24411 0 0 0 0 0 0 0 0 0 0 0 0 0 0 0.049776 0 0 0 0 0 0 0 0 0.26247 0.49474 0.53695 0.14138 0 0 0 0.14213 0.14811 0.32684 0 0 0 0 0 0 0 0.22195 0.31215 0.35257
0 0 0 0 0 0 0 0 0 0 0 0 0 0 0 0 0 0 0.15142 0.46595 0.28887 0 0 0 0 0 0 0 0 0 0 0 0 0.0080226 0.087974 0.04477 0 0.060522 0 0 0 0 0 0 0 0 0.33389 0.30653 0.41967 0.075081 0.45888 0 0.10336 0 0.10114 0 0 0 0 0 0.052863 0.10827 0 0
0 0 0 0 0 0 0.04142 0.029546 0 0 0 0 0 0 0 0.40956 0.11805 0 0 0 0.30557 0.32243 0.084751 0 0 0 0 0 0 0.21275 0 0 0 0 0 0.1059 0.037926 0 0 0 0 0 0 0 0 0.26146 0.0861 0.29452 0.35445 0.26396 0.32291 0.44253 0 0.18903 0.27884 0.27442 0.15157 0 0 0 0 0 0 0
0 0 0 0 0 0 0 0 0 0 0 0.08258 0 0 0 0 0 0 0 0 0.39324 0.068762 0 0 0 0 0 0 0 0.15477 0.2948 0 0 0 0 0 0 0 0.0014974 0 0 0 0 0 0 0 0 0 0 0.12295 0.074315 0 0.14274 0 0 0 0 0.29835 0.30213 0 0.16231 0 0 0.039429
0 0 0 0 0 0 0 0 0 0 0.009419 0.3167 0 0 0.021871 0.36628 0 0 0 0 0 0 0 0 0 0 0 0 0 0 0 0 0 0 0 0 0.44915 0 0 0 0 0 0 0 0 0 0 0.045236 0.2026 0 0 0 0 0 0 0.33651 0 0 0.25896 0 0 0.1194 0 0
0 0 0 0 0 0 0 0 0 0 0 0 0.35987 0 0 0.011769 0 0 0 0 0 0 0.12332 0.053833 0 0 0 0 0 0 0 0 0 0 0 0 0 0.17714 0.045503 0.10188 0 0 0 0 0 0 0 0.066107 0.15614 0.0097279 0.055082 0 0 0 0 0 0 0.30693 0.087728 0 0.41138 0.29568 0.054954 0
0 0 0 0 0 0.28013 0.1056 0 0.051395 0.33417 0.20327 0.16564 0.19119 0.20414 0 0.031477 0 0 0 0 0 0 0.10303 0 0 0 0 0 0 0 0 0 0 0 0 0 0 0.0035647 0 0 0.053849 0.022453 0.035541 0 0 0 0 0 0 0 0 0 0.20901 0 0 0 0 0 0 0 0.47962 0.29283 0 0.18097
0 0.039701 0 0 0 0.043377 0.22391 0.16719 0 0.097492 0 0 0 0.11828 0 0.24278 0 0 0 0.18052 0.27738 0.036233 0.55551 0.66887 0 0 0 0 0 0 0 0 0 0 0.47383 0 0 0 0.021308 0 0.48535 0.19407 0.038221 0 0 0 0 0 0 0 0 0 0.093496 0 0 0 0 0 0 0 0 0.2523 0.16874 0.54434
0.062035 0.38293 0 0 0 0.075287 0.022927 0.064188 0 0 0 0 0 0.02576 0.031208 0.017769 0 0.12477 0.40381 0.10107 0.59219 0.34349 0.42373 0.078034 0 0 0 0 0 0 0 0 0.37742 0 0.065406 0 0 0 0 0 0.23782 0 0 0 0 0 0 0 0 0 0 0 0 0.43636 0.081463 0.38167 0 0 0 0 0.38833 0.2843 0.33338 0.36474
