0 0 0 0 0 0 0 0 0 0 0 0 0 0 0 0 0 0 0 0 0 0 0 0 0 0 0 0 0 0 0 0 0 0 0 0 0 0 0 0 0 0 0 0 0 0 0 0 0 0 0 0 0 0 0 0 0 0 0 0 0 0 0 0
0.012708 0.012708 0.012708 0.012708 0.012708 0.012708 0.012708 0.012708 0.012708 0.012708 0.012708 0.012708 0.012708 0.012708 0.012708 0.012708 0.012708 0.012708 0.012708 0.012708 0.012708 0.012708 0.012708 0.012708 0.012708 0.012708 0.012708 0.012708 0.012708 0.012708 0.012708 0.012708 0.012708 0.012708 0.012708 0.012708 0.012708 0.012708 0.012708 0.012708 0.012708 0.012708 0.012708 0.012708 0.012708 0.012708 0.012708 0.012708 0.012708 0.012708 0.012708 0.012708 0.012708 0.012708 0.012708 0.012708 0.012708 0.012708 0.012708 0.012708 0.012708 0.012708 0.012708 0.012708
0.082635 0.082635 0.082635 0.082635 0.082635 0.082635 0.082635 0.082635 0.082635 0.082635 0.082635 0.082635 0.082635 0.082635 0.082635 0.082635 0.082635 0.082635 0.082635 0.082635 0.082635 0.082635 0.082635 0.082635 0.082635 0.082635 0.082635 0.082635 0.082635 0.082635 0.082635 0.082635 0.082635 0.082635 0.082635 0.082635 0.082635 0.082635 0.082635 0.082635 0.082635 0.082635 0.082635 0.082635 0.082635 0.082635 0.082635 0.082635 0.082635 0.082635 0.082635 0.082635 0.082635 0.082635 0.082635 0.082635 0.082635 0.082635 0.082635 0.082635 0.082635 0.082635 0.082635 0.082635
0.15256 0.15256 0.15256 0.15256 0.15256 0.15256 0.15256 0.15256 0.15256 0.15256 0.15256 0.15256 0.15256 0.15256 0.15256 0.15256 0.15256 0.15256 0.15256 0.15256 0.15256 0.15256 0.15256 0.15256 0.15256 0.15256 0.15256 0.15256 0.15256 0.15256 0.15256 0.15256 0.15256 0.15256 0.15256 0.15256 0.15256 0.15256 0.15256 0.15256 0.15256 0.15256 0.15256 0.15256 0.15256 0.15256 0.15256 0.15256 0.15256 0.15256 0.15256 0.15256 0.15256 0.15256 0.15256 0.15256 0.15256 0.15256 0.15256 0.15256 0.15256 0.15256 0.15256 0.15256
0.22249 0.22249 0.22249 0.22249 0.22249 0.22249 0.22249 0.22249 0.22249 0.22249 0.22249 0.22249 0.22249 0.22249 0.22249 0.22249 0.22249 0.22249 0.22249 0.22249 0.22249 0.22249 0.22249 0.22249 0.22249 0.22249 0.22249 0.22249 0.22249 0.22249 0.22249 0.22249 0.22249 0.22249 0.22249 0.22249 0.22249 0.22249 0.22249 0.22249 0.22249 0.22249 0.22249 0.22249 0.22249 0.22249 0.22249 0.22249 0.22249 0.22249 0.22249 0.22249 0.22249 0.22249 0.22249 0.22249 0.22249 0.22249 0.22249 0.22249 0.22249 0.22249 0.22249 0.22249
0.29242 0.29242 0.29242 0.29242 0.29242 0.29242 0.29242 0.29242 0.29242 0.29242 0.29242 0.29242 0.29242 0.29242 0.29242 0.29242 0.29242 0.29242 0.29242 0.29242 0.29242 0.29242 0.29242 0.29242 0.29242 0.29242 0.29242 0.29242 0.29242 0.29242 0.29242 0.29242 0.29242 0.29242 0.29242 0.29242 0.29242 0.29242 0.29242 0.29242 0.29242 0.29242 0.29242 0.29242 0.29242 0.29242 0.29242 0.29242 0.29242 0.29242 0.29242 0.29242 0.29242 0.29242 0.29242 0.29242 0.29242 0.29242 0.29242 0.29242 0.29242 0.29242 0.29242 0.29242
0.36234 0.36234 0.36234 0.36234 0.36234 0.36234 0.36234 0.36234 0.36234 0.36234 0.36234 0.36234 0.36234 0.36234 0.36234 0.36234 0.36234 0.36234 0.36234 0.36234 0.36234 0.36234 0.36234 0.36234 0.36234 0.36234 0.36234 0.36234 0.36234 0.36234 0.36234 0.36234 0.36234 0.36234 0.36234 0.36234 0.36234 0.36234 0.36234 0.36234 0.36234 0.36234 0.36234 0.36234 0.36234 0.36234 0.36234 0.36234 0.36234 0.36234 0.36234 0.36234 0.36234 0.36234 0.36234 0.36234 0.36234 0.36234 0.36234 0.36234 0.36234 0.36234 0.36234 0.36234
0.43227 0.43227 0.43227 0.43227 0.43227 0.43227 0.43227 0.43227 0.43227 0.43227 0.43227 0.43227 0.43227 0.43227 0.43227 0.43227 0.43227 0.43227 0.43227 0.43227 0.43227 0.43227 0.43227 0.43227 0.43227 0.43227 0.43227 0.43227 0.43227 0.43227 0.43227 0.43227 0.43227 0.43227 0.43227 0.43227 0.43227 0.43227 0.43227 0.43227 0.43227 0.43227 0.43227 0.43227 0.43227 0.43227 0.43227 0.43227 0.43227 0.43227 0.43227 0.43227 0.43227 0.43227 0.43227 0.43227 0.43227 0.43227 0.43227 0.43227 0.43227 0.43227 0.43227 0.43227
0.5022 0.5022 0.5022 0.5022 0.5022 0.5022 0.5022 0.5022 0.5022 0.5022 0.5022 0.5022 0.5022 0.5022 0.5022 0.5022 0.5022 0.5022 0.5022 0.5022 0.5022 0.5022 0.5022 0.5022 0.5022 0.5022 0.5022 0.5022 0.5022 0.5022 0.5022 0.5022 0.5022 0.5022 0.5022 0.5022 0.5022 0.5022 0.5022 0.5022 0.5022 0.5022 0.5022 0.5022 0.5022 0.5022 0.5022 0.5022 0.5022 0.5022 0.5022 0.5022 0.5022 0.5022 0.5022 0.5022 0.5022 0.5022 0.5022 0.5022 0.5022 0.5022 0.5022 0.5022
0.57212 0.57212 0.57212 0.57212 0.57212 0.57212 0.57212 0.57212 0.57212 0.57212 0.57212 0.57212 0.57212 0.57212 0.57212 0.57212 0.57212 0.57212 0.57212 0.57212 0.57212 0.57212 0.57212 0.57212 0.57212 0.57212 0.57212 0.57212 0.57212 0.57212 0.57212 0.57212 0.57212 0.57212 0.57212 0.57212 0.57212 0.57212 0.57212 0.57212 0.57212 0.57212 0.57212 0.57212 0.57212 0.57212 0.57212 0.57212 0.57212 0.57212 0.57212 0.57212 0.57212 0.57212 0.57212 0.57212 0.57212 0.57212 0.57212 0.57212 0.57212 0.57212 0.57212 0.57212
0.64205 0.64205 0.64205 0.64205 0.64205 0.64205 0.64205 0.64205 0.64205 0.64205 0.64205 0.64205 0.64205 0.64205 0.64205 0.64205 0.64205 0.64205 0.64205 0.64205 0.64205 0.64205 0.64205 0.64205 0.64205 0.64205 0.64205 0.64205 0.64205 0.64205 0.64205 0.64205 0.64205 0.64205 0.64205 0.64205 0.64205 0.64205 0.64205 0.64205 0.64205 0.64205 0.64205 0.64205 0.64205 0.64205 0.64205 0.64205 0.64205 0.64205 0.64205 0.64205 0.64205 0.64205 0.64205 0.64205 0.64205 0.64205 0.64205 0.64205 0.64205 0.64205 0.64205 0.64205
0.71198 0.71198 0.71198 0.71198 0.71198 0.71198 0.71198 0.71198 0.71198 0.71198 0.71198 0.71198 0.71198 0.71198 0.71198 0.71198 0.71198 0.71198 0.71198 0.71198 0.71198 0.71198 0.71198 0.71198 0.71198 0.71198 0.71198 0.71198 0.71198 0.71198 0.71198 0.71198 0.71198 0.71198 0.71198 0.71198 0.71198 0.71198 0.71198 0.71198 0.71198 0.71198 0.71198 0.71198 0.71198 0.71198 0.71198 0.71198 0.71198 0.71198 0.71198 0.71198 0.71198 0.71198 0.71198 0.71198 0.71198 0.71198 0.71198 0.71198 0.71198 0.71198 0.71198 0.71198
0.7819 0.7819 0.7819 0.7819 0.7819 0.7819 0.7819 0.7819 0.7819 0.7819 0.7819 0.7819 0.7819 0.7819 0.7819 0.7819 0.7819 0.7819 0.7819 0.7819 0.7819 0.7819 0.7819 0.7819 0.7819 0.7819 0.7819 0.7819 0.7819 0.7819 0.7819 0.7819 0.7819 0.7819 0.7819 0.7819 0.7819 0.7819 0.7819 0.7819 0.7819 0.7819 0.7819 0.7819 0.7819 0.7819 0.7819 0.7819 0.7819 0.7819 0.7819 0.7819 0.7819 0.7819 0.7819 0.7819 0.7819 0.7819 0.7819 0.7819 0.7819 0.7819 0.7819 0.7819
0.85183 0.85183 0.85183 0.85183 0.85183 0.85183 0.85183 0.85183 0.85183 0.85183 0.85183 0.85183 0.85183 0.85183 0.85183 0.85183 0.85183 0.85183 0.85183 0.85183 0.85183 0.85183 0.85183 0.85183 0.85183 0.85183 0.85183 0.85183 0.85183 0.85183 0.85183 0.85183 0.85183 0.85183 0.85183 0.85183 0.85183 0.85183 0.85183 0.85183 0.85183 0.85183 0.85183 0.85183 0.85183 0.85183 0.85183 0.85183 0.85183 0.85183 0.85183 0.85183 0.85183 0.85183 0.85183 0.85183 0.85183 0.85183 0.85183 0.85183 0.85183 0.85183 0.85183 0.85183
0.92176 0.92176 0.92176 0.92176 0.92176 0.92176 0.92176 0.92176 0.92176 0.92176 0.92176 0.92176 0.92176 0.92176 0.92176 0.92176 0.92176 0.92176 0.92176 0.92176 0.92176 0.92176 0.92176 0.92176 0.92176 0.92176 0.92176 0.92176 0.92176 0.92176 0.92176 0.92176 0.92176 0.92176 0.92176 0.92176 0.92176 0.92176 0.92176 0.92176 0.92176 0.92176 0.92176 0.92176 0.92176 0.92176 0.92176 0.92176 0.92176 0.92176 0.92176 0.92176 0.92176 0.92176 0.92176 0.92176 0.92176 0.92176 0.92176 0.92176 0.92176 0.92176 0.92176 0.92176
0.99168 0.99168 0.99168 0.99168 0.99168 0.99168 0.99168 0.99168 0.99168 0.99168 0.99168 0.99168 0.99168 0.99168 0.99168 0.99168 0.99168 0.99168 0.99168 0.99168 0.99168 0.99168 0.99168 0.99168 0.99168 0.99168 0.99168 0.99168 0.99168 0.99168 0.99168 0.99168 0.99168 0.99168 0.99168 0.99168 0.99168 0.99168 0.99168 0.99168 0.99168 0.99168 0.99168 0.99168 0.99168 0.99168 0.99168 0.99168 0.99168 0.99168 0.99168 0.99168 0.99168 0.99168 0.99168 0.99168 0.99168 0.99168 0.99168 0.99168 0.99168 0.99168 0.99168 0.99168
1.0616 1.0616 1.0616 1.0616 1.0616 1.0616 1.0616 1.0616 1.0616 1.0616 1.0616 1.0616 1.0616 1.0616 1.0616 1.0616 1.0616 1.0616 1.0616 1.0616 1.0616 1.0616 1.0616 1.0616 1.0616 1.0616 1.0616 1.0616 1.0616 1.0616 1.0616 1.0616 1.0616 1.0616 1.0616 1.0616 1.0616 1.0616 1.0616 1.0616 1.0616 1.0616 1.0616 1.0616 1.0616 1.0616 1.0616 1.0616 1.0616 1.0616 1.0616 1.0616 1.0616 1.0616 1.0616 1.0616 1.0616 1.0616 1.0616 1.0616 1.0616 1.0616 1.0616 1.0616
1.1315 1.1315 1.1315 1.1315 1.1315 1.1315 1.1315 1.1315 1.1315 1.1315 1.1315 1.1315 1.1315 1.1315 1.1315 1.1315 1.1315 1.1315 1.1315 1.1315 1.1315 1.1315 1.1315 1.1315 1.1315 1.1315 1.1315 1.1315 1.1315 1.1315 1.1315 1.1315 1.1315 1.1315 1.1315 1.1315 1.1315 1.1315 1.1315 1.1315 1.1315 1.1315 1.1315 1.1315 1.1315 1.1315 1.1315 1.1315 1.1315 1.1315 1.1315 1.1315 1.1315 1.1315 1.1315 1.1315 1.1315 1.1315 1.1315 1.1315 1.1315 1.1315 1.1315 1.1315
1.2015 1.2015 1.2015 1.2015 1.2015 1.2015 1.2015 1.2015 1.2015 1.2015 1.2015 1.2015 1.2015 1.2015 1.2015 1.2015 1.2015 1.2015 1.2015 1.2015 1.2015 1.2015 1.2015 1.2015 1.2015 1.2015 1.2015 1.2015 1.2015 1.2015 1.2015 1.2015 1.2015 1.2015 1.2015 1.2015 1.2015 1.2015 1.2015 1.2015 1.2015 1.2015 1.2015 1.2015 1.2015 1.2015 1.2015 1.2015 1.2015 1.2015 1.2015 1.2015 1.2015 1.2015 1.2015 1.2015 1.2015 1.2015 1.2015 1.2015 1.2015 1.2015 1.2015 1.2015
1.2714 1.2714 1.2714 1.2714 1.2714 1.2714 1.2714 1.2714 1.2714 1.2714 1.2714 1.2714 1.2714 1.2714 1.2714 1.2714 1.2714 1.2714 1.2714 1.2714 1.2714 1.2714 1.2714 1.2714 1.2714 1.2714 1.2714 1.2714 1.2714 1.2714 1.2714 1.2714 1.2714 1.2714 1.2714 1.2714 1.2714 1.2714 1.2714 1.2714 1.2714 1.2714 1.2714 1.2714 1.2714 1.2714 1.2714 1.2714 1.2714 1.2714 1.2714 1.2714 1.2714 1.2714 1.2714 1.2714 1.2714 1.2714 1.2714 1.2714 1.2714 1.2714 1.2714 1.2714
1.3413 1.3413 1.3413 1.3413 1.3413 1.3413 1.3413 1.3413 1.3413 1.3413 1.3413 1.3413 1.3413 1.3413 1.3413 1.3413 1.3413 1.3413 1.3413 1.3413 1.3413 1.3413 1.3413 1.3413 1.3413 1.3413 1.3413 1.3413 1.3413 1.3413 1.3413 1.3413 1.3413 1.3413 1.3413 1.3413 1.3413 1.3413 1.3413 1.3413 1.3413 1.3413 1.3413 1.3413 1.3413 1.3413 1.3413 1.3413 1.3413 1.3413 1.3413 1.3413 1.3413 1.3413 1.3413 1.3413 1.3413 1.3413 1.3413 1.3413 1.3413 1.3413 1.3413 1.3413
1.4112 1.4112 1.4112 1.4112 1.4112 1.4112 1.4112 1.4112 1.4112 1.4112 1.4112 1.4112 1.4112 1.4112 1.4112 1.4112 1.4112 1.4112 1.4112 1.4112 1.4112 1.4112 1.4112 1.4112 1.4112 1.4112 1.4112 1.4112 1.4112 1.4112 1.4112 1.4112 1.4112 1.4112 1.4112 1.4112 1.4112 1.4112 1.4112 1.4112 1.4112 1.4112 1.4112 1.4112 1.4112 1.4112 1.4112 1.4112 1.4112 1.4112 1.4112 1.4112 1.4112 1.4112 1.4112 1.4112 1.4112 1.4112 1.4112 1.4112 1.4112 1.4112 1.4112 1.4112
1.4812 1.4812 1.4812 1.4812 1.4812 1.4812 1.4812 1.4812 1.4812 1.4812 1.4812 1.4812 1.4812 1.4812 1.4812 1.4812 1.4812 1.4812 1.4812 1.4812 1.4812 1.4812 1.4812 1.4812 1.4812 1.4812 1.4812 1.4812 1.4812 1.4812 1.4812 1.4812 1.4812 1.4812 1.4812 1.4812 1.4812 1.4812 1.4812 1.4812 1.4812 1.4812 1.4812 1.4812 1.4812 1.4812 1.4812 1.4812 1.4812 1.4812 1.4812 1.4812 1.4812 1.4812 1.4812 1.4812 1.4812 1.4812 1.4812 1.4812 1.4812 1.4812 1.4812 1.4812
1.5511 1.5511 1.5511 1.5511 1.5511 1.5511 1.5511 1.5511 1.5511 1.5511 1.5511 1.5511 1.5511 1.5511 1.5511 1.5511 1.5511 1.5511 1.5511 1.5511 1.5511 1.5511 1.5511 1.5511 1.5511 1.5511 1.5511 1.5511 1.5511 1.5511 1.5511 1.5511 1.5511 1.5511 1.5511 1.5511 1.5511 1.5511 1.5511 1.5511 1.5511 1.5511 1.5511 1.5511 1.5511 1.5511 1.5511 1.5511 1.5511 1.5511 1.5511 1.5511 1.5511 1.5511 1.5511 1.5511 1.5511 1.5511 1.5511 1.5511 1.5511 1.5511 1.5511 1.5511
1.621 1.621 1.621 1.621 1.621 1.621 1.621 1.621 1.621 1.621 1.621 1.621 1.621 1.621 1.621 1.621 1.621 1.621 1.621 1.621 1.621 1.621 1.621 1.621 1.621 1.621 1.621 1.621 1.621 1.621 1.621 1.621 1.621 1.621 1.621 1.621 1.621 1.621 1.621 1.621 1.621 1.621 1.621 1.621 1.621 1.621 1.621 1.621 1.621 1.621 1.621 1.621 1.621 1.621 1.621 1.621 1.621 1.621 1.621 1.621 1.621 1.621 1.621 1.621
1.691 1.691 1.691 1.691 1.691 1.691 1.691 1.691 1.691 1.691 1.691 1.691 1.691 1.691 1.691 1.691 1.691 1.691 1.691 1.691 1.691 1.691 1.691 1.691 1.691 1.691 1.691 1.691 1.691 1.691 1.691 1.691 1.691 1.691 1.691 1.691 1.691 1.691 1.691 1.691 1.691 1.691 1.691 1.691 1.691 1.691 1.691 1.691 1.691 1.691 1.691 1.691 1.691 1.691 1.691 1.691 1.691 1.691 1.691 1.691 1.691 1.691 1.691 1.691
1.7609 1.7609 1.7609 1.7609 1.7609 1.7609 1.7609 1.7609 1.7609 1.7609 1.7609 1.7609 1.7609 1.7609 1.7609 1.7609 1.7609 1.7609 1.7609 1.7609 1.7609 1.7609 1.7609 1.7609 1.7609 1.7609 1.7609 1.7609 1.7609 1.7609 1.7609 1.7609 1.7609 1.7609 1.7609 1.7609 1.7609 1.7609 1.7609 1.7609 1.7609 1.7609 1.7609 1.7609 1.7609 1.7609 1.7609 1.7609 1.7609 1.7609 1.7609 1.7609 1.7609 1.7609 1.7609 1.7609 1.7609 1.7609 1.7609 1.7609 1.7609 1.7609 1.7609 1.7609
1.8308 1.8308 1.8308 1.8308 1.8308 1.8308 1.8308 1.8308 1.8308 1.8308 1.8308 1.8308 1.8308 1.8308 1.8308 1.8308 1.8308 1.8308 1.8308 1.8308 1.8308 1.8308 1.8308 1.8308 1.8308 1.8308 1.8308 1.8308 1.8308 1.8308 1.8308 1.8308 1.8308 1.8308 1.8308 1.8308 1.8308 1.8308 1.8308 1.8308 1.8308 1.8308 1.8308 1.8308 1.8308 1.8308 1.8308 1.8308 1.8308 1.8308 1.8308 1.8308 1.8308 1.8308 1.8308 1.8308 1.8308 1.8308 1.8308 1.8308 1.8308 1.8308 1.8308 1.8308
1.9007 1.9007 1.9007 1.9007 1.9007 1.9007 1.9007 1.9007 1.9007 1.9007 1.9007 1.9007 1.9007 1.9007 1.9007 1.9007 1.9007 1.9007 1.9007 1.9007 1.9007 1.9007 1.9007 1.9007 1.9007 1.9007 1.9007 1.9007 1.9007 1.9007 1.9007 1.9007 1.9007 1.9007 1.9007 1.9007 1.9007 1.9007 1.9007 1.9007 1.9007 1.9007 1.9007 1.9007 1.9007 1.9007 1.9007 1.9007 1.9007 1.9007 1.9007 1.9007 1.9007 1.9007 1.9007 1.9007 1.9007 1.9007 1.9007 1.9007 1.9007 1.9007 1.9007 1.9007
1.9707 1.9707 1.9707 1.9707 1.9707 1.9707 1.9707 1.9707 1.9707 1.9707 1.9707 1.9707 1.9707 1.9707 1.9707 1.9707 1.9707 1.9707 1.9707 1.9707 1.9707 1.9707 1.9707 1.9707 1.9707 1.9707 1.9707 1.9707 1.9707 1.9707 1.9707 1.9707 1.9707 1.9707 1.9707 1.9707 1.9707 1.9707 1.9707 1.9707 1.9707 1.9707 1.9707 1.9707 1.9707 1.9707 1.9707 1.9707 1.9707 1.9707 1.9707 1.9707 1.9707 1.9707 1.9707 1.9707 1.9707 1.9707 1.9707 1.9707 1.9707 1.9707 1.9707 1.9707
2.0406 2.0406 2.0406 2.0406 2.0406 2.0406 2.0406 2.0406 2.0406 2.0406 2.0406 2.0406 2.0406 2.0406 2.0406 2.0406 2.0406 2.0406 2.0406 2.0406 2.0406 2.0406 2.0406 2.0406 2.0406 2.0406 2.0406 2.0406 2.0406 2.0406 2.0406 2.0406 2.0406 2.0406 2.0406 2.0406 2.0406 2.0406 2.0406 2.0406 2.0406 2.0406 2.0406 2.0406 2.0406 2.0406 2.0406 2.0406 2.0406 2.0406 2.0406 2.0406 2.0406 2.0406 2.0406 2.0406 2.0406 2.0406 2.0406 2.0406 2.0406 2.0406 2.0406 2.0406
2.1105 2.1105 2.1105 2.1105 2.1105 2.1105 2.1105 2.1105 2.1105 2.1105 2.1105 2.1105 2.1105 2.1105 2.1105 2.1105 2.1105 2.1105 2.1105 2.1105 2.1105 2.1105 2.1105 2.1105 2.1105 2.1105 2.1105 2.1105 2.1105 2.1105 2.1105 2.1105 2.1105 2.1105 2.1105 2.1105 2.1105 2.1105 2.1105 2.1105 2.1105 2.1105 2.1105 2.1105 2.1105 2.1105 2.1105 2.1105 2.1105 2.1105 2.1105 2.1105 2.1105 2.1105 2.1105 2.1105 2.1105 2.1105 2.1105 2.1105 2.1105 2.1105 2.1105 2.1105
2.1804 2.1804 2.1804 2.1804 2.1804 2.1804 2.1804 2.1804 2.1804 2.1804 2.1804 2.1804 2.1804 2.1804 2.1804 2.1804 2.1804 2.1804 2.1804 2.1804 2.1804 2.1804 2.1804 2.1804 2.1804 2.1804 2.1804 2.1804 2.1804 2.1804 2.1804 2.1804 2.1804 2.1804 2.1804 2.1804 2.1804 2.1804 2.1804 2.1804 2.1804 2.1804 2.1804 2.1804 2.1804 2.1804 2.1804 2.1804 2.1804 2.1804 2.1804 2.1804 2.1804 2.1804 2.1804 2.1804 2.1804 2.1804 2.1804 2.1804 2.1804 2.1804 2.1804 2.1804
2.2504 2.2504 2.2504 2.2504 2.2504 2.2504 2.2504 2.2504 2.2504 2.2504 2.2504 2.2504 2.2504 2.2504 2.2504 2.2504 2.2504 2.2504 2.2504 2.2504 2.2504 2.2504 2.2504 2.2504 2.2504 2.2504 2.2504 2.2504 2.2504 2.2504 2.2504 2.2504 2.2504 2.2504 2.2504 2.2504 2.2504 2.2504 2.2504 2.2504 2.2504 2.2504 2.2504 2.2504 2.2504 2.2504 2.2504 2.2504 2.2504 2.2504 2.2504 2.2504 2.2504 2.2504 2.2504 2.2504 2.2504 2.2504 2.2504 2.2504 2.2504 2.2504 2.2504 2.2504
2.3203 2.3203 2.3203 2.3203 2.3203 2.3203 2.3203 2.3203 2.3203 2.3203 2.3203 2.3203 2.3203 2.3203 2.3203 2.3203 2.3203 2.3203 2.3203 2.3203 2.3203 2.3203 2.3203 2.3203 2.3203 2.3203 2.3203 2.3203 2.3203 2.3203 2.3203 2.3203 2.3203 2.3203 2.3203 2.3203 2.3203 2.3203 2.3203 2.3203 2.3203 2.3203 2.3203 2.3203 2.3203 2.3203 2.3203 2.3203 2.3203 2.3203 2.3203 2.3203 2.3203 2.3203 2.3203 2.3203 2.3203 2.3203 2.3203 2.3203 2.3203 2.3203 2.3203 2.3203
2.3902 2.3902 2.3902 2.3902 2.3902 2.3902 2.3902 2.3902 2.3902 2.3902 2.3902 2.3902 2.3902 2.3902 2.3902 2.3902 2.3902 2.3902 2.3902 2.3902 2.3902 2.3902 2.3902 2.3902 2.3902 2.3902 2.3902 2.3902 2.3902 2.3902 2.3902 2.3902 2.3902 2.3902 2.3902 2.3902 2.3902 2.3902 2.3902 2.3902 2.3902 2.3902 2.3902 2.3902 2.3902 2.3902 2.3902 2.3902 2.3902 2.3902 2.3902 2.3902 2.3902 2.3902 2.3902 2.3902 2.3902 2.3902 2.3902 2.3902 2.3902 2.3902 2.3902 2.3902
2.4601 2.4601 2.4601 2.4601 2.4601 2.4601 2.4601 2.4601 2.4601 2.4601 2.4601 2.4601 2.4601 2.4601 2.4601 2.4601 2.4601 2.4601 2.4601 2.4601 2.4601 2.4601 2.4601 2.4601 2.4601 2.4601 2.4601 2.4601 2.4601 2.4601 2.4601 2.4601 2.4601 2.4601 2.4601 2.4601 2.4601 2.4601 2.4601 2.4601 2.4601 2.4601 2.4601 2.4601 2.4601 2.4601 2.4601 2.4601 2.4601 2.4601 2.4601 2.4601 2.4601 2.4601 2.4601 2.4601 2.4601 2.4601 2.4601 2.4601 2.4601 2.4601 2.4601 2.4601
2.5301 2.5301 2.5301 2.5301 2.5301 2.5301 2.5301 2.5301 2.5301 2.5301 2.5301 2.5301 2.5301 2.5301 2.5301 2.5301 2.5301 2.5301 2.5301 2.5301 2.5301 2.5301 2.5301 2.5301 2.5301 2.5301 2.5301 2.5301 2.5301 2.5301 2.5301 2.5301 2.5301 2.5301 2.5301 2.5301 2.5301 2.5301 2.5301 2.5301 2.5301 2.5301 2.5301 2.5301 2.5301 2.5301 2.5301 2.5301 2.5301 2.5301 2.5301 2.5301 2.5301 2.5301 2.5301 2.5301 2.5301 2.5301 2.5301 2.5301 2.5301 2.5301 2.5301 2.5301
2.6 2.6 2.6 2.6 2.6 2.6 2.6 2.6 2.6 2.6 2.6 2.6 2.6 2.6 2.6 2.6 2.6 2.6 2.6 2.6 2.6 2.6 2.6 2.6 2.6 2.6 2.6 2.6 2.6 2.6 2.6 2.6 2.6 2.6 2.6 2.6 2.6 2.6 2.6 2.6 2.6 2.6 2.6 2.6 2.6 2.6 2.6 2.6 2.6 2.6 2.6 2.6 2.6 2.6 2.6 2.6 2.6 2.6 2.6 2.6 2.6 2.6 2.6 2.6
2.6815 2.6764 2.6913 2.6726 2.683 2.6726 2.6676 2.6701 2.6611 2.6633 2.667 2.6498 2.6745 2.6607 2.671 2.6823 2.6651 2.6885 2.6928 2.6762 2.7025 2.6913 2.6913 2.6921 2.6863 2.6839 2.6705 2.6689 2.6625 2.6638 2.665 2.6723 2.6753 2.6971 2.6895 2.7151 2.7403 2.7032 2.664 2.6805 2.6363 2.66 2.6387 2.7646 2.7405 2.6285 2.6431 2.6822 2.6996 2.694 2.6779 2.7361 2.7071 2.7046 2.7552 2.7861 2.7484 2.7517 2.745 2.7438 2.6815 2.7777 2.7008 2.6774
2.6789 2.6321 2.6327 2.6388 2.6377 2.6298 2.621 2.6561 2.6556 2.6488 2.6457 2.6412 2.6527 2.6193 2.6378 2.6603 2.6417 2.6688 2.6563 2.6965 2.672 2.6878 2.6624 2.6558 2.6408 2.6203 2.6027 2.6073 2.6315 2.5995 2.5977 2.6028 2.6029 2.6383 2.6497 2.6738 2.6282 2.7094 2.6752 2.6989 2.6918 2.6805 2.6943 2.7155 2.7448 2.7668 2.6906 2.7118 2.7433 2.8008 2.7158 2.6473 2.6814 2.6758 2.7273 2.6849 2.7263 2.7261 2.7105 2.7077 2.6919 2.6391 2.6162 2.6228
2.6201 2.5875 2.5955 2.5857 2.5914 2.5893 2.6047 2.6387 2.6317 2.5993 2.6096 2.6107 2.6027 2.6071 2.6361 2.6738 2.6082 2.6037 2.5878 2.6033 2.5989 2.6266 2.6402 2.6413 2.6292 2.6133 2.6088 2.6005 2.5938 2.5829 2.582 2.589 2.6313 2.621 2.6452 2.6598 2.6523 2.6454 2.6258 2.6398 2.6315 2.6219 2.6501 2.6498 2.7131 2.6791 2.6326 2.6627 2.6816 2.6361 2.6338 2.6545 2.6563 2.6387 2.6374 2.6057 2.6369 2.6767 2.669 2.6628 2.6412 2.6249 2.6093 2.5985
2.5295 2.51 2.5127 2.5221 2.5416 2.5484 2.5579 2.5683 2.5836 2.5588 2.5823 2.5621 2.5708 2.6035 2.6042 2.6173 2.6269 2.6364 2.6359 2.6071 2.6254 2.6266 2.6233 2.6121 2.5669 2.5299 2.5097 2.5277 2.5216 2.5384 2.6089 2.5728 2.5531 2.5911 2.6275 2.6421 2.6306 2.6353 2.6601 2.6527 2.6903 2.6579 2.6428 2.681 2.6737 2.7002 2.6907 2.6818 2.6767 2.6439 2.665 2.6697 2.6661 2.6786 2.654 2.6462 2.6554 2.6694 2.6471 2.6531 2.6429 2.638 2.6029 2.628
2.4068 2.4239 2.4382 2.454 2.5091 2.4851 2.505 2.5141 2.5357 2.5494 2.5675 2.5731 2.5695 2.5695 2.5813 2.5833 2.6127 2.6222 2.6302 2.6326 2.6208 2.6359 2.6341 2.6204 2.6041 2.5868 2.5772 2.571 2.5659 2.5786 2.5837 2.5787 2.6026 2.6258 2.6066 2.6163 2.6399 2.6413 2.6304 2.6506 2.6743 2.6674 2.679 2.6683 2.7136 2.7142 2.6965 2.6887 2.6967 2.6861 2.6843 2.6811 2.6852 2.6836 2.6851 2.6883 2.6833 2.6862 2.6249 2.6506 2.6569 2.6427 2.6573 2.6556
2.3545 2.3517 2.3648 2.4064 2.3927 2.4167 2.4535 2.4712 2.4979 2.4955 2.5322 2.5756 2.5853 2.6211 2.6488 2.6451 2.6507 2.6537 2.6668 2.6749 2.6657 2.6711 2.647 2.6316 2.6361 2.6024 2.6069 2.5994 2.6169 2.6034 2.6014 2.5982 2.6136 2.6083 2.5997 2.6357 2.6259 2.6409 2.6458 2.637 2.6884 2.702 2.6897 2.7302 2.7364 2.73 2.7402 2.7344 2.7298 2.732 2.7326 2.7215 2.7172 2.7161 2.7401 2.7244 2.6886 2.6766 2.6701 2.6904 2.6769 2.6819 2.6829 2.6984
2.2656 2.2744 2.2835 2.3535 2.3946 2.3833 2.3983 2.4104 2.4367 2.4864 2.5177 2.5635 2.6079 2.6433 2.661 2.6835 2.6687 2.6674 2.6832 2.6762 2.6813 2.6771 2.6661 2.657 2.6539 2.6336 2.6198 2.6324 2.6254 2.6215 2.627 2.6406 2.6361 2.6298 2.6244 2.6631 2.6546 2.6697 2.6648 2.688 2.7127 2.702 2.7321 2.7547 2.7726 2.775 2.7571 2.7472 2.7747 2.7547 2.7522 2.7655 2.7515 2.7677 2.7467 2.7582 2.7453 2.7384 2.7147 2.7252 2.7217 2.7191 2.7325 2.7276
2.2223 2.2384 2.2611 2.3346 2.3356 2.3765 2.3929 2.4351 2.4558 2.493 2.5498 2.6099 2.6211 2.6683 2.6689 2.6707 2.6795 2.6949 2.6844 2.6826 2.6823 2.6792 2.6752 2.6552 2.6446 2.6437 2.643 2.644 2.6436 2.6287 2.624 2.6287 2.6422 2.6451 2.6648 2.6686 2.6786 2.6809 2.7047 2.6998 2.7275 2.7241 2.7218 2.729 2.7319 2.7504 2.7554 2.7497 2.7513 2.7539 2.7563 2.763 2.7555 2.7657 2.7576 2.7661 2.7811 2.7545 2.7261 2.7388 2.747 2.7476 2.7636 2.765
2.2212 2.2442 2.2802 2.3147 2.3394 2.3758 2.3958 2.4403 2.4862 2.5282 2.5803 2.6295 2.6537 2.6614 2.6701 2.6869 2.6867 2.6727 2.6858 2.6755 2.6683 2.6644 2.6726 2.6894 2.6885 2.7012 2.6845 2.6612 2.6603 2.6516 2.6743 2.6687 2.6619 2.6792 2.6657 2.6846 2.6854 2.6801 2.6851 2.686 2.6874 2.7168 2.726 2.7269 2.7397 2.7743 2.7676 2.7608 2.7637 2.7797 2.7798 2.7677 2.7699 2.7572 2.7668 2.7429 2.768 2.7585 2.7399 2.7588 2.7668 2.7477 2.7684 2.78
2.2412 2.2833 2.3006 2.3202 2.3667 2.3911 2.4348 2.4603 2.5125 2.5622 2.5995 2.6383 2.6662 2.6671 2.6849 2.6938 2.694 2.6826 2.6774 2.6879 2.6671 2.6592 2.6547 2.6861 2.6859 2.6701 2.6587 2.6653 2.6805 2.6792 2.663 2.6916 2.6749 2.6616 2.6889 2.6748 2.694 2.6996 2.6788 2.7005 2.7428 2.717 2.7278 2.7456 2.7628 2.756 2.7611 2.7654 2.7624 2.7671 2.7655 2.7611 2.7828 2.7649 2.7627 2.7756 2.7462 2.7545 2.7519 2.747 2.7458 2.7546 2.7598 2.7513
2.2568 2.2839 2.2902 2.3165 2.362 2.4037 2.4467 2.4965 2.5426 2.6263 2.6407 2.6465 2.6557 2.6546 2.6759 2.6664 2.6568 2.6579 2.6609 2.664 2.6501 2.6515 2.6604 2.674 2.6598 2.6696 2.6695 2.68 2.6607 2.6373 2.6305 2.6503 2.6614 2.6831 2.6594 2.6564 2.6502 2.6722 2.6948 2.6822 2.7254 2.7148 2.7192 2.7434 2.7538 2.7172 2.7143 2.721 2.7074 2.734 2.7371 2.728 2.7333 2.7409 2.7533 2.7492 2.7338 2.745 2.7359 2.766 2.7504 2.7447 2.7373 2.7339
2.2679 2.283 2.3017 2.2906 2.3525 2.4092 2.4436 2.5096 2.559 2.5993 2.6129 2.6311 2.6324 2.6348 2.6476 2.6759 2.6723 2.6742 2.6549 2.6574 2.6584 2.6477 2.6649 2.6699 2.6667 2.6639 2.6575 2.6739 2.6564 2.6735 2.6842 2.6568 2.6629 2.6618 2.6508 2.6493 2.6735 2.6753 2.6898 2.6979 2.7233 2.7077 2.7278 2.7405 2.7314 2.7406 2.7358 2.7118 2.7385 2.7328 2.7363 2.7369 2.7498 2.7297 2.742 2.7614 2.7619 2.7374 2.731 2.7271 2.7407 2.7351 2.7552 2.7484
2.2775 2.2937 2.315 2.3251 2.3724 2.4203 2.4667 2.5427 2.5733 2.5927 2.6158 2.6227 2.6293 2.6439 2.6294 2.6568 2.6434 2.651 2.6439 2.6564 2.6465 2.6426 2.6554 2.6469 2.6393 2.6334 2.6348 2.657 2.6495 2.647 2.6615 2.6458 2.6477 2.6468 2.6743 2.6521 2.6635 2.6627 2.6754 2.6868 2.6829 2.7188 2.7027 2.7269 2.7568 2.7274 2.718 2.7163 2.7298 2.7259 2.728 2.725 2.729 2.7303 2.7524 2.7616 2.7399 2.7286 2.7399 2.7235 2.7331 2.7339 2.7316 2.7328
2.2886 2.2874 2.3166 2.3552 2.3795 2.4007 2.4751 2.5511 2.5956 2.6106 2.623 2.6299 2.6217 2.6212 2.6368 2.6514 2.6398 2.6444 2.6414 2.6244 2.6348 2.6381 2.6439 2.6456 2.6444 2.6519 2.6289 2.628 2.6496 2.6748 2.6546 2.6638 2.6297 2.6395 2.6433 2.6406 2.6664 2.6673 2.6666 2.634 2.6612 2.6724 2.662 2.6846 2.7052 2.7359 2.7133 2.6949 2.7192 2.7215 2.7369 2.7504 2.7312 2.7184 2.7435 2.7167 2.7114 2.7037 2.7194 2.7122 2.7155 2.7013 2.7033 2.7098
2.317 2.3083 2.3502 2.3573 2.3989 2.4216 2.4844 2.5566 2.5764 2.6032 2.6092 2.6204 2.6235 2.6187 2.636 2.6303 2.642 2.6445 2.6559 2.6595 2.6657 2.641 2.654 2.6474 2.6383 2.6358 2.6438 2.6457 2.6574 2.6627 2.6525 2.6512 2.6388 2.6192 2.6265 2.6219 2.6168 2.6625 2.6734 2.6529 2.662 2.6726 2.6553 2.6735 2.6908 2.7083 2.6966 2.6971 2.6847 2.6917 2.712 2.7179 2.7174 2.715 2.7068 2.7082 2.7173 2.6994 2.7158 2.708 2.6993 2.7128 2.697 2.7021
2.3104 2.3171 2.3454 2.4006 2.4214 2.4646 2.5167 2.5541 2.5902 2.5909 2.593 2.5855 2.6017 2.6205 2.6283 2.6085 2.6173 2.6174 2.6039 2.6144 2.6262 2.6383 2.6416 2.6128 2.6247 2.6376 2.6323 2.6344 2.6457 2.6299 2.6477 2.6357 2.6234 2.629 2.6335 2.6334 2.6449 2.6414 2.6383 2.6269 2.6463 2.641 2.6226 2.6029 2.6416 2.6678 2.6768 2.6665 2.6654 2.6889 2.6888 2.6897 2.698 2.6955 2.6869 2.7043 2.7051 2.6871 2.6926 2.691 2.7042 2.7083 2.7075 2.6966
2.3211 2.3517 2.3395 2.3935 2.4174 2.4883 2.5378 2.5627 2.5769 2.5883 2.5904 2.6068 2.5894 2.6018 2.6174 2.6007 2.6088 2.6067 2.5969 2.6195 2.6147 2.6141 2.6337 2.6134 2.623 2.6436 2.639 2.6386 2.63 2.6236 2.6337 2.6185 2.6258 2.6269 2.638 2.6449 2.6429 2.6421 2.6366 2.6458 2.6307 2.652 2.6341 2.6211 2.6491 2.6569 2.6562 2.6592 2.6601 2.6612 2.6484 2.6624 2.665 2.6653 2.6851 2.678 2.6861 2.6945 2.6943 2.6903 2.7 2.6961 2.6876 2.6749
2.3429 2.3518 2.3772 2.3915 2.4392 2.5076 2.5418 2.5667 2.5679 2.5856 2.5878 2.588 2.6084 2.5972 2.6038 2.6104 2.6012 2.608 2.6035 2.6088 2.6137 2.6134 2.6238 2.6167 2.6121 2.6117 2.6349 2.6223 2.6201 2.6291 2.616 2.6181 2.6135 2.6277 2.6245 2.6248 2.6374 2.634 2.6283 2.6324 2.6275 2.6375 2.645 2.6573 2.6547 2.6664 2.6515 2.6475 2.6619 2.6798 2.669 2.6602 2.6566 2.6608 2.6725 2.6793 2.6787 2.6797 2.6806 2.6723 2.6806 2.6858 2.6752 2.6656
2.3462 2.3541 2.3953 2.3931 2.4323 2.5164 2.5532 2.5661 2.577 2.5815 2.5907 2.5987 2.5901 2.5987 2.588 2.5959 2.6083 2.5913 2.5989 2.5904 2.5777 2.5865 2.5798 2.589 2.5922 2.5976 2.5966 2.5998 2.5964 2.5965 2.5934 2.5959 2.587 2.6195 2.6154 2.6028 2.6021 2.6195 2.6142 2.6275 2.6234 2.6259 2.6251 2.622 2.6372 2.641 2.645 2.6535 2.6459 2.6337 2.6517 2.6402 2.6364 2.642 2.6372 2.6553 2.6472 2.6599 2.6627 2.6587 2.6659 2.6627 2.6643 2.6751
2.3496 2.3724 2.3956 2.4148 2.4473 2.5071 2.5496 2.5735 2.5774 2.5693 2.5724 2.5754 2.5868 2.5947 2.5796 2.5758 2.5939 2.5948 2.5927 2.58 2.5748 2.6009 2.6001 2.5908 2.601 2.5952 2.6148 2.6035 2.5986 2.6056 2.6143 2.6136 2.5986 2.6052 2.6084 2.6001 2.6028 2.591 2.6126 2.6225 2.5933 2.5915 2.5837 2.6235 2.6225 2.6376 2.6324 2.6229 2.6268 2.6339 2.641 2.6288 2.6219 2.6316 2.6311 2.6458 2.6404 2.6298 2.6426 2.6585 2.6493 2.6702 2.6722 2.6834
2.3604 2.3921 2.4277 2.4279 2.4685 2.5138 2.5335 2.5564 2.5763 2.5743 2.5856 2.5813 2.5863 2.5943 2.5918 2.5904 2.5794 2.5819 2.594 2.5799 2.5692 2.5744 2.5705 2.578 2.586 2.607 2.5803 2.5867 2.5772 2.5796 2.5834 2.5893 2.6001 2.6034 2.5983 2.5991 2.6114 2.6154 2.6082 2.6246 2.62 2.6038 2.6143 2.6302 2.6441 2.6474 2.6262 2.6396 2.6295 2.6165 2.6273 2.6169 2.6298 2.6267 2.6255 2.6308 2.6406 2.6569 2.6412 2.6685 2.6861 2.6929 2.7172 2.728
2.3888 2.4121 2.4067 2.4444 2.5064 2.5169 2.5226 2.5411 2.5616 2.5821 2.5785 2.5789 2.5763 2.5751 2.5825 2.5776 2.5833 2.5904 2.5915 2.5831 2.5899 2.5785 2.5771 2.5861 2.5711 2.58 2.5917 2.5667 2.5992 2.5952 2.5918 2.5972 2.5988 2.5813 2.5836 2.5918 2.6036 2.6081 2.6059 2.608 2.6107 2.6021 2.6055 2.6116 2.6198 2.6239 2.627 2.6225 2.6206 2.6163 2.6211 2.645 2.6443 2.6267 2.6297 2.6503 2.6461 2.6553 2.6523 2.6666 2.663 2.671 2.6837 2.6922
2.4602 2.4475 2.4419 2.4459 2.4601 2.4874 2.5046 2.5244 2.5401 2.5545 2.5775 2.5624 2.5834 2.5826 2.5722 2.5732 2.5804 2.5798 2.5793 2.5846 2.5659 2.5609 2.5772 2.5554 2.5548 2.5588 2.5662 2.5715 2.5828 2.595 2.5921 2.5881 2.5777 2.5841 2.587 2.6035 2.6006 2.5972 2.617 2.6057 2.61 2.6101 2.6173 2.5934 2.5976 2.6134 2.5944 2.6025 2.6087 2.6039 2.6108 2.608 2.6028 2.6223 2.63 2.6437 2.6347 2.6453 2.6477 2.6567 2.6547 2.6604 2.6675 2.6723
2.5752 2.5157 2.4695 2.5143 2.5049 2.4781 2.5121 2.4906 2.5265 2.5431 2.5629 2.5635 2.5656 2.5828 2.5837 2.583 2.5906 2.5816 2.5818 2.5716 2.551 2.5695 2.5705 2.5616 2.5743 2.5646 2.5653 2.5842 2.5899 2.5889 2.5759 2.5626 2.5644 2.601 2.6017 2.6 2.5919 2.5995 2.6063 2.5979 2.6049 2.5841 2.6035 2.5944 2.5947 2.5975 2.5902 2.6084 2.5955 2.6012 2.5942 2.6109 2.6313 2.6176 2.617 2.6156 2.6055 2.6105 2.6512 2.6445 2.6661 2.6587 2.6729 2.6743
2.6495 2.6536 2.5805 2.5278 2.4978 2.4984 2.4974 2.4961 2.5132 2.5426 2.5455 2.5633 2.5782 2.5641 2.5683 2.5839 2.5766 2.5786 2.5687 2.5569 2.5504 2.5533 2.5558 2.5657 2.5766 2.5818 2.584 2.5838 2.5775 2.5723 2.582 2.5833 2.5775 2.5892 2.5926 2.583 2.5947 2.6088 2.5978 2.5968 2.607 2.6159 2.6063 2.6099 2.578 2.58 2.5863 2.5902 2.5884 2.5921 2.5975 2.6129 2.6312 2.6376 2.6374 2.6493 2.6304 2.6416 2.6548 2.6649 2.6745 2.6746 2.6932 2.7003
2.7615 2.7535 2.6839 2.5887 2.5456 2.5169 2.5206 2.5423 2.5367 2.5425 2.5508 2.557 2.5575 2.5623 2.566 2.5747 2.5718 2.5593 2.5496 2.5693 2.5477 2.5707 2.5686 2.5751 2.5895 2.596 2.6051 2.6255 2.64 2.6769 2.7614 2.8131 2.7446 2.68 2.6538 2.6252 2.6213 2.596 2.5905 2.5986 2.6181 2.6633 2.6025 2.5941 2.6249 2.5765 2.6045 2.609 2.6189 2.6332 2.6182 2.6356 2.6628 2.7244 2.7906 2.7125 2.7294 2.718 2.6993 2.6892 2.6846 2.6953 2.7157 2.743
2.8728 2.8542 2.798 2.6836 2.6184 2.5565 2.5613 2.5473 2.5403 2.543 2.5519 2.5571 2.5869 2.6007 2.6314 2.57 2.5963 2.5824 2.5843 2.5863 2.5844 2.569 2.5669 2.5805 2.5861 2.6147 2.6244 2.6528 2.7026 2.9162 3.2848 3.3176 3.0691 2.8086 2.6894 2.6257 2.5868 2.6032 2.5582 2.6046 2.6897 2.7384 2.65 2.628 2.6769 2.7006 2.6175 2.6261 2.6376 2.6397 2.6724 2.6738 2.6937 2.757 2.8615 2.9811 2.9785 2.8114 2.7584 2.7341 2.7294 2.7306 2.7486 2.7652
3.1035 3.0117 2.8725 2.7602 2.6678 2.6301 2.592 2.5918 2.5623 2.5616 2.5616 2.5544 2.5695 2.5764 2.5675 2.5853 2.6028 2.5821 2.5706 2.5845 2.5711 2.5813 2.5768 2.5904 2.6073 2.5968 2.657 2.6908 2.8243 3.2596 3.5551 3.2466 2.9779 2.7692 2.6596 2.6906 2.6384 2.6379 2.6158 2.6091 2.6461 2.6394 2.6429 2.6288 2.641 2.6607 2.6601 2.6594 2.6277 2.664 2.6685 2.6963 2.7461 2.9129 3.186 3.2865 3.2843 3.1272 2.8788 2.8149 2.7567 2.7766 2.7939 2.8382
3.5295 3.4221 3.0585 2.7912 2.7187 2.6854 2.6255 2.5901 2.599 2.574 2.5905 2.5742 2.5941 2.5627 2.5881 2.6184 2.5745 2.5694 2.5911 2.5908 2.6028 2.5782 2.577 2.5943 2.5975 2.6204 2.6268 2.6673 2.7927 3.2898 3.4324 3.1042 2.8398 2.726 2.6521 2.6395 2.6298 2.6069 2.6369 2.6461 2.6764 2.6912 2.7184 2.7121 2.725 2.7195 2.7009 2.6473 2.6401 2.7211 2.6556 2.6606 2.7604 2.953 3.1337 3.2438 3.1856 3.0447 2.8842 2.8487 2.8088 2.8322 2.8762 2.9083
3.5748 3.3669 3.0723 2.7891 2.7219 2.694 2.6916 2.6471 2.6237 2.6363 2.6546 2.6141 2.6163 2.6134 2.6083 2.586 2.6005 2.6067 2.5973 2.6037 2.5741 2.6016 2.6004 2.6092 2.6072 2.6121 2.6883 2.7569 2.8363 3.0462 3.0246 2.8094 2.7215 2.6905 2.6513 2.6423 2.6598 2.6754 2.6907 2.6937 2.7458 2.819 2.8832 2.9764 2.8166 2.8266 2.7753 2.6591 2.6305 2.6072 2.7006 2.6934 2.7486 2.8696 3.0447 3.0152 2.9492 2.93 2.8832 2.8468 2.8724 2.9294 3.0213 3.0427
3.4494 3.2103 2.9209 2.7797 2.7427 2.7322 2.7548 2.7048 2.6552 2.6336 2.6366 2.6403 2.6371 2.6865 2.6552 2.629 2.6058 2.6503 2.6578 2.6409 2.5877 2.6225 2.648 2.6113 2.6451 2.6631 2.7043 2.7101 2.7728 2.7608 2.7296 2.698 2.6905 2.6816 2.6634 2.6749 2.6863 2.6908 2.7315 2.7608 2.8848 3.1641 3.2145 3.0698 2.9338 2.8837 2.8543 2.7574 2.6845 2.6481 2.6808 2.7044 2.746 2.8169 2.9165 2.9273 2.951 3.0154 2.8777 2.8628 2.9349 3.0636 3.207 3.2595
3.2318 3.0123 2.85 2.759 2.7668 2.8375 2.9052 2.9622 2.7478 2.6791 2.6585 2.6301 2.6312 2.6334 2.6236 2.6132 2.5956 2.6043 2.6314 2.64 2.6361 2.6584 2.6597 2.6509 2.6938 2.6977 2.7006 2.7351 2.7477 2.7254 2.7157 2.7054 2.7186 2.7016 2.6856 2.6901 2.696 2.715 2.7712 2.8198 2.9807 3.3512 3.5362 3.3325 3.2234 2.9873 2.8065 2.752 2.7027 2.6706 2.6831 2.6996 2.7351 2.7724 2.8543 2.8681 2.912 3.0301 2.9125 2.8997 2.9919 3.1946 3.4848 3.5571
2.9697 2.8471 2.7497 2.7621 2.8532 3.0115 3.1462 3.1858 2.9602 2.7828 2.6453 2.6108 2.6301 2.6249 2.6104 2.5809 2.5749 2.6033 2.6209 2.6543 2.6916 2.688 2.7178 2.7587 2.8137 2.8259 2.8409 2.8377 2.7986 2.7628 2.757 2.7577 2.7588 2.7628 2.7565 2.7423 2.733 2.8055 2.8401 2.9324 3.1412 3.3263 3.7842 3.7243 3.5065 3.0987 2.8245 2.7413 2.7171 2.708 2.7091 2.72 2.7236 2.7657 2.81 2.8401 2.8667 2.9196 2.9272 2.9815 3.1907 3.3726 3.6481 3.7116
2.8368 2.7569 2.7867 2.9218 3.0607 3.1919 3.4522 3.4663 3.4484 3.0712 2.8295 2.695 2.6211 2.6203 2.5969 2.5962 2.5839 2.6112 2.6101 2.6616 2.7019 2.7508 2.8408 2.9618 3.0083 2.9528 2.9131 2.9067 2.9193 3.072 2.9664 2.9407 2.9244 2.8715 2.8172 2.7931 2.7639 2.8596 3.067 2.9195 3.1246 3.1817 3.3915 3.5582 3.2491 2.9358 2.7856 2.7423 2.7241 2.7126 2.7126 2.7349 2.7593 2.7819 2.8189 2.8655 2.8895 2.9756 3.0212 3.06 3.3438 3.5562 3.7989 3.8396
2.7762 2.7667 2.9819 3.2563 3.3129 3.3406 3.6611 3.8826 3.7842 3.5284 2.9606 2.7011 2.6383 2.6163 2.5865 2.5986 2.6061 2.6232 2.6603 2.6884 2.7755 2.8773 3.0175 3.3015 3.4973 3.3842 3.0298 2.979 3.0126 3.2719 3.2846 3.3632 3.4032 3.2781 3.009 2.8249 2.7871 2.8357 3.0311 3.0545 3.0082 3.1134 3.1865 3.2731 3.0967 2.8541 2.7339 2.721 2.7241 2.7315 2.7351 2.766 2.7869 2.8009 2.8219 2.8827 2.9569 3.1573 3.1592 3.1772 3.5137 3.7253 3.9117 4.0207
2.7333 2.7645 2.9389 3.1565 3.2537 3.3587 3.6835 3.9046 3.8394 3.4703 2.9981 2.7651 2.6871 2.6786 2.6177 2.6158 2.6069 2.6432 2.6467 2.7871 2.9498 3.2025 3.2 3.4921 3.7533 3.5337 3.1166 3.0945 3.1108 3.1985 3.3244 3.4676 3.606 3.3616 3.0479 2.8519 2.7595 2.7746 2.876 2.9437 3.0066 3.1336 3.1809 3.1264 2.8859 2.7275 2.7179 2.7074 2.6992 2.7287 2.8053 2.8247 2.8696 2.9131 2.8533 2.8764 2.9792 3.2971 3.3058 3.3865 3.6742 3.7671 3.7811 3.7413
2.7089 2.7165 2.8575 3.0917 3.0881 3.2084 3.3291 3.4002 3.3703 3.1715 2.9344 2.7972 2.7566 2.7684 2.6864 2.6448 2.6143 2.6474 2.7193 2.888 3.1977 3.391 3.2393 3.3926 3.6342 3.3672 3.1691 3.2955 3.1555 3.0713 3.1333 3.292 3.202 3.0821 2.9559 2.8123 2.7604 2.745 2.8351 2.8776 3.0167 3.1258 3.0366 2.886 2.7395 2.6954 2.6849 2.6876 2.7274 2.7484 2.8243 2.9549 3.0104 2.9375 2.8725 2.8526 2.9818 3.4685 3.4275 3.4135 3.5535 3.5397 3.527 3.4805
2.6863 2.7312 2.8468 3.0435 3.1755 3.1551 3.145 3.1336 3.2071 3.1119 2.8909 2.7772 2.8029 3.0569 2.861 2.6749 2.6541 2.6676 2.7305 2.8605 3.1236 3.4487 3.3646 3.2029 3.2824 3.1288 3.1223 3.2825 3.1764 3.0252 2.9636 2.9119 2.8636 2.8088 2.7965 2.7836 2.7644 2.7255 2.7604 2.8206 2.9435 3.0957 2.898 2.7747 2.6828 2.6692 2.6874 2.7099 2.7398 2.7756 2.8571 3.2584 3.2766 3.1436 3.042 2.8778 3.0098 3.3025 3.3674 3.2994 3.291 3.2227 3.1845 3.1917
2.6488 2.6788 2.8345 3.0399 3.0258 3.0648 3.098 3.1055 3.0532 2.9887 2.8203 2.7936 2.7735 2.8884 2.837 2.7336 2.6984 2.7116 2.724 2.8135 3.0397 3.2413 3.1872 3.1167 3.0621 3.0478 2.9562 2.8794 2.8179 2.8173 2.8182 2.7583 2.7603 2.7603 2.7548 2.7728 2.7837 2.7704 2.7676 2.7521 2.8175 2.9056 2.8084 2.7566 2.6935 2.69 2.7404 2.7423 2.7394 2.7543 2.8805 3.204 3.4605 3.2291 2.9926 2.9032 2.9519 2.9789 3.0333 3.0128 2.8684 2.8226 2.7191 2.7784
2.6343 2.6425 2.7497 3.0116 2.9238 2.9372 3.0796 3.2337 3.0652 2.8844 2.8327 2.7708 2.8115 2.7614 2.73 2.709 2.6993 2.6829 2.6942 2.7268 2.789 2.9347 2.9176 2.9298 2.8978 2.885 2.7672 2.7023 2.6826 2.6667 2.6686 2.6892 2.709 2.7473 2.7595 2.7971 2.8423 2.8168 2.7729 2.7563 2.765 2.7595 2.7453 2.7403 2.713 2.7153 2.7304 2.7275 2.7102 2.7347 2.8607 3.0972 3.2463 3.0439 2.8975 2.8397 2.8495 2.8765 2.7994 2.7884 2.6393 2.5421 2.4901 2.4784
2.6153 2.6913 2.7099 2.7403 2.7805 2.816 2.9671 3.278 2.9979 2.8146 2.8002 2.7594 2.753 2.7549 2.7451 2.7234 2.6909 2.7163 2.6745 2.6597 2.6735 2.7087 2.7359 2.7717 2.7382 2.7051 2.624 2.6078 2.6137 2.6123 2.6221 2.6583 2.6993 2.7871 2.7862 2.857 2.8903 2.8718 2.8545 2.7867 2.7731 2.7783 2.7599 2.7524 2.734 2.728 2.7352 2.7312 2.7205 2.7062 2.7687 2.8798 2.9921 2.8958 2.8487 2.769 2.7861 2.8088 2.7529 2.6755 2.5737 2.5088 2.4665 2.4284
2.602 2.6454 2.6389 2.6079 2.6544 2.6688 2.7442 2.8517 2.7805 2.7586 2.746 2.7433 2.7355 2.7404 2.7297 2.7534 2.752 2.6895 2.676 2.6681 2.6268 2.6557 2.6524 2.6625 2.6636 2.6076 2.5807 2.5852 2.5906 2.6079 2.6388 2.6982 2.7571 2.8111 2.801 2.8442 2.8719 2.874 2.881 2.8427 2.8207 2.8329 2.8216 2.8101 2.811 2.7678 2.7644 2.8062 2.7721 2.7417 2.7006 2.7104 2.7577 2.7644 2.7917 2.753 2.7476 2.7509 2.7361 2.6594 2.551 2.4922 2.4697 2.4647
2.5801 2.6069 2.5412 2.595 2.5502 2.5941 2.5953 2.6111 2.6784 2.6835 2.7237 2.7056 2.7041 2.6908 2.7258 2.7289 2.7552 2.7096 2.6893 2.6517 2.6514 2.6516 2.6405 2.6279 2.6111 2.5879 2.588 2.6061 2.7077 2.7069 2.7227 2.771 2.8528 2.8505 2.876 2.9013 2.9333 2.9604 2.9269 2.9264 2.8919 2.8785 2.867 2.8645 2.8405 2.8206 2.8387 2.8757 2.8454 2.7787 2.7342 2.7192 2.7146 2.7278 2.6997 2.748 2.7044 2.6971 2.6814 2.6541 2.6034 2.5647 2.5247 2.4648
2.5741 2.5459 2.5268 2.5363 2.5623 2.5455 2.5625 2.5885 2.61 2.6439 2.6764 2.6808 2.6832 2.6967 2.7264 2.738 2.7492 2.7505 2.7153 2.6881 2.6736 2.6601 2.6633 2.6439 2.628 2.609 2.6201 2.6712 2.7832 2.9028 2.8483 2.9158 2.9437 2.9541 2.9739 2.979 3.0213 3.0086 2.9925 2.9544 2.9701 2.9428 2.9153 2.9045 2.918 2.9072 2.9171 2.9121 2.8917 2.8643 2.7932 2.7598 2.7532 2.7345 2.7166 2.6978 2.6808 2.6909 2.7195 2.7509 2.6565 2.6499 2.6389 2.6024
2.5273 2.5287 2.5299 2.5257 2.5535 2.5477 2.5488 2.5606 2.6051 2.6276 2.632 2.6535 2.6738 2.7014 2.7399 2.7573 2.7597 2.7606 2.7366 2.7322 2.7175 2.7194 2.7272 2.7119 2.6816 2.6594 2.7075 2.8742 3.0243 3.202 3.0675 3.0015 3.092 3.0943 3.1124 3.0989 3.1163 3.1719 3.1089 3.0284 3.0809 3.1154 3.0196 3.0314 3.011 3.0269 3.0352 2.9808 2.9325 2.9097 2.866 2.8728 2.8593 2.8291 2.8335 2.8134 2.7567 2.7809 2.8407 2.8688 2.7923 2.7544 2.7679 2.7375
2.498 2.5265 2.5324 2.5175 2.5582 2.5432 2.557 2.5845 2.6108 2.6209 2.6115 2.6377 2.6894 2.7356 2.8033 2.8239 2.8675 2.8242 2.8188 2.7637 2.7828 2.7843 2.7833 2.7769 2.7797 2.8014 2.8759 3.1207 3.3423 3.3116 3.2518 3.1831 3.2398 3.3789 3.3174 3.4348 3.3298 3.4103 3.3717 3.2111 3.1264 3.1934 3.1641 3.0957 3.0681 3.1189 3.1503 3.0501 3.0054 2.985 2.9505 2.9668 3.1082 3.0446 2.9938 2.9013 2.8843 2.9073 2.9612 3.0223 2.9312 2.9186 2.8721 2.8594
2.5074 2.5242 2.5223 2.5363 2.5642 2.5818 2.5868 2.5981 2.6403 2.6646 2.7037 2.7259 2.8158 2.8424 2.8673 2.911 2.9234 2.9181 2.8995 2.8868 2.9063 2.8994 2.9051 2.9215 2.928 2.9558 3.0273 3.2761 3.6216 3.5583 3.4885 3.4159 3.6305 3.5735 3.4828 3.5294 3.4247 3.5326 3.4467 3.3449 3.2521 3.269 3.2792 3.1734 3.1867 3.1951 3.1882 3.137 3.0645 3.0209 3.0264 3.0695 3.2329 3.2887 3.2938 3.1094 3.0783 3.1987 3.236 3.2031 3.1623 3.0452 2.9923 3.0625
2.5869 2.5918 2.6218 2.6053 2.6408 2.667 2.7049 2.7252 2.7746 2.8006 2.8416 2.9349 2.979 3.0292 3.1573 3.148 3.1377 3.1046 3.0784 3.102 3.1012 3.122 3.1133 3.1322 3.1544 3.1612 3.2155 3.3072 3.5998 3.6946 3.6447 3.5928 3.6653 3.5686 3.5238 3.4756 3.4757 3.4718 3.4091 3.4072 3.3516 3.3489 3.3599 3.316 3.2967 3.2911 3.2643 3.2718 3.2432 3.1657 3.1368 3.1421 3.2713 3.4313 3.3037 3.2373 3.2498 3.4144 3.3278 3.2917 3.3203 3.3011 3.1999 3.2102
2.6966 2.707 2.741 2.779 2.7831 2.8415 2.8427 2.8938 2.9424 2.9667 3.0348 3.121 3.2685 3.4434 3.5021 3.4511 3.5243 3.4898 3.4247 3.4586 3.4355 3.452 3.5467 3.458 3.4958 3.4338 3.5848 3.5306 3.6731 3.7384 3.651 3.6293 3.5743 3.555 3.5413 3.516 3.5068 3.5297 3.5134 3.4392 3.421 3.5094 3.5795 3.5971 3.5045 3.4903 3.5167 3.5327 3.5153 3.432 3.3569 3.3655 3.3392 3.4153 3.4279 3.392 3.3373 3.4481 3.4368 3.4867 3.5164 3.5294 3.4932 3.5255
2.8615 2.8907 2.9473 3.085 3.0568 3.1071 3.1164 3.1415 3.207 3.2381 3.3011 3.4514 3.5958 3.8944 3.9029 3.8124 3.743 3.7187 3.8021 3.8279 3.7536 3.9125 3.85 3.8129 3.8391 3.7744 3.8005 3.8676 3.7563 3.8247 3.7763 3.8182 3.694 3.7086 3.7316 3.7372 3.7179 3.6634 3.6956 3.5577 3.5089 3.6341 3.729 3.8522 3.8138 3.82 3.8907 3.8424 3.8254 3.8198 3.8309 3.7213 3.6064 3.6641 3.6305 3.6497 3.655 3.5662 3.6986 3.9119 3.8409 3.8533 3.8398 3.8512
3.285 3.2786 3.3579 3.3757 3.4161 3.5473 3.6568 3.7446 3.7949 3.8974 3.8598 3.8202 3.9268 4.1921 4.1918 4.147 4.0421 3.9698 4.1674 4.1825 4.0832 4.1755 4.1736 4.153 4.1103 4.1452 4.1356 4.1698 4.0225 4.0898 4.1343 4.2038 4.0105 4.0118 4.0547 4.0773 4.002 4.0388 3.9661 3.8302 3.7449 3.8951 3.9347 4.1211 4.1017 4.1792 4.2299 4.2085 4.2043 4.2726 4.2638 4.0586 3.9575 4.0759 3.9758 3.8891 3.9397 3.8616 4.1038 4.2571 4.2213 4.1527 4.2135 4.2113
3.982 3.8997 3.8717 3.8244 3.8614 4.0083 4.0985 4.1246 4.1481 4.16 4.1626 4.2198 4.2327 4.3974 4.5493 4.5098 4.3109 4.2961 4.4708 4.4732 4.4845 4.5161 4.5252 4.5073 4.4462 4.4164 4.4046 4.3824 4.3739 4.418 4.526 4.4442 4.3273 4.3014 4.2959 4.3689 4.2832 4.3477 4.3425 4.0427 4.0617 4.2909 4.2491 4.4385 4.3274 4.4708 4.4586 4.4884 4.5137 4.668 4.6233 4.3933 4.3807 4.46 4.3337 4.2106 4.3107 4.1877 4.5536 4.6534 4.6726 4.4774 4.5809 4.5009
4.238 4.2668 4.1492 4.059 4.0099 4.0221 4.0048 4.0703 4.0911 4.2688 4.2581 4.297 4.3831 4.389 4.4588 4.6497 4.6183 4.4654 4.486 4.573 4.589 4.6237 4.6012 4.7088 4.6629 4.5384 4.5529 4.5563 4.6204 4.5481 4.5721 4.5713 4.4285 4.3902 4.3966 4.4903 4.4975 4.5277 4.5688 4.3774 4.4068 4.4779 4.4688 4.5151 4.503 4.5429 4.6394 4.6408 4.7835 4.8268 4.8753 4.8027 4.7297 4.693 4.6751 4.6244 4.5245 4.4603 4.6577 4.7775 4.7693 4.7154 4.7392 4.6995
4.2101 4.2025 4.146 4.0013 3.8827 3.7929 3.7827 3.858 3.9378 3.9876 4.0799 4.0742 4.0617 4.0496 4.225 4.3512 4.5058 4.4711 4.4102 4.3759 4.4049 4.5241 4.6251 4.6764 4.7302 4.7 4.6134 4.6137 4.4575 4.5019 4.4774 4.5598 4.4517 4.3554 4.4113 4.3978 4.4378 4.488 4.5269 4.5617 4.4726 4.3737 4.454 4.4756 4.5631 4.4692 4.4912 4.4023 4.3967 4.5438 4.7759 4.8682 4.8027 4.6478 4.5666 4.5167 4.5575 4.6308 4.5974 4.6675 4.6382 4.6602 4.6885 4.8174
3.9957 3.8371 3.7709 3.6428 3.5144 3.5496 3.5852 3.6532 3.7046 3.6848 3.6539 3.6131 3.6448 3.7655 3.8685 3.9621 4.0665 4.0387 4.0014 4.037 4.1214 4.1605 4.2391 4.4039 4.4571 4.4737 4.3995 4.1977 4.2111 4.2211 4.2417 4.2768 4.1855 4.1749 4.1496 4.1647 4.1832 4.1595 4.1051 4.0248 4.0177 4.0154 4.078 4.2403 4.1785 4.1237 4.067 4.0736 4.1678 4.3027 4.5335 4.7877 4.6415 4.4248 4.1671 4.1033 4.1019 4.1819 4.1927 4.2338 4.2464 4.3828 4.5055 4.5533
3.684 3.504 3.3714 3.2811 3.2237 3.2715 3.3673 3.3885 3.4261 3.3741 3.3324 3.358 3.4223 3.4828 3.5597 3.653 3.681 3.7095 3.794 3.8181 3.8264 3.8434 3.9443 4.0441 4.0262 3.966 3.8958 3.8292 3.8427 3.892 3.8955 3.8416 3.872 3.8999 3.9328 3.9554 3.8653 3.8539 3.8181 3.7557 3.6826 3.7195 3.7849 3.8034 3.8237 3.8263 3.82 3.8686 3.9245 3.9867 4.0831 4.1834 4.1094 3.9012 3.8384 3.8304 3.8211 3.8846 3.8543 3.9416 3.9862 4.1143 4.138 4.0697
3.2353 3.1744 3.0773 3.048 3.0694 3.1562 3.166 3.1954 3.2043 3.181 3.1907 3.2169 3.3287 3.2844 3.2578 3.3014 3.3044 3.4164 3.3905 3.4707 3.4744 3.5522 3.5087 3.6461 3.649 3.7219 3.7521 3.6499 3.6846 3.641 3.6235 3.6154 3.6467 3.5946 3.5346 3.5368 3.5769 3.5096 3.5186 3.5089 3.5178 3.6122 3.5273 3.555 3.5762 3.5671 3.639 3.6382 3.7001 3.7299 3.642 3.6077 3.5813 3.6004 3.5755 3.5643 3.5447 3.6348 3.6735 3.6532 3.7034 3.7188 3.7359 3.6451
2.8943 2.9316 2.8792 3.0043 3.0116 2.9966 3.0151 3.0218 3.0471 3.0276 3.0872 3.1498 3.0947 2.9801 2.9247 2.8883 2.8926 2.8497 2.937 2.9261 2.8986 2.9845 2.9439 3.0725 3.1301 3.224 3.2381 3.1828 3.234 3.2639 3.1781 3.1602 3.2273 3.1067 3.0715 3.1985 3.2488 3.1942 3.1971 3.1903 3.205 3.242 3.2462 3.2181 3.1983 3.2187 3.2693 3.2697 3.1885 3.1958 3.1385 3.1463 3.1154 3.1688 3.2559 3.3208 3.3149 3.3012 3.3042 3.2839 3.2354 3.2728 3.237 3.2223
2.4898 2.5614 2.569 2.6255 2.7383 2.6923 2.6761 2.7176 2.7805 2.7898 2.848 2.9556 2.8187 2.6527 2.5312 2.5223 2.4419 2.4374 2.4062 2.4034 2.3891 2.38 2.4332 2.5124 2.7251 2.7334 2.6922 2.6282 2.7288 2.655 2.5611 2.6209 2.6607 2.584 2.6593 2.7474 2.7801 2.7855 2.7867 2.8256 2.8461 2.7707 2.7279 2.7858 2.6812 2.7205 2.7789 2.7933 2.6955 2.6161 2.5761 2.5704 2.6216 2.8244 2.9619 3.0199 3.0743 3.0411 2.9789 2.9177 2.8224 2.8462 2.793 2.7621
2.2946 2.2941 2.3395 2.4321 2.4551 2.4132 2.3937 2.436 2.5525 2.649 2.6985 2.7125 2.5574 2.3474 2.2647 2.222 2.2094 2.2039 2.1442 2.1274 2.1255 2.2121 2.2457 2.2502 2.2806 2.3467 2.2965 2.3105 2.3384 2.2449 2.2479 2.3161 2.3825 2.3508 2.3221 2.2646 2.3017 2.3865 2.4326 2.4746 2.4166 2.4255 2.3439 2.3257 2.3277 2.3051 2.2735 2.2788 2.2885 2.2714 2.2439 2.3156 2.3219 2.4722 2.6169 2.5337 2.5271 2.467 2.5101 2.5317 2.5114 2.4546 2.4015 2.4037
2.1744 2.1495 2.1972 2.282 2.2721 2.283 2.3116 2.3442 2.3865 2.4351 2.5534 2.4591 2.2954 2.1689 2.1015 2.0576 2.0704 2.0314 1.9678 1.9719 2.0256 2.1451 2.0929 2.0418 2.0328 2.0432 2.1213 2.1693 2.0614 2.1212 2.1817 2.1608 2.1369 2.0958 2.0521 2.0246 2.074 2.1198 2.1434 2.2016 2.2319 2.1598 2.1 2.0986 2.0589 2.0424 2.0443 2.0331 2.038 2.0358 2.0281 2.0573 2.0565 2.261 2.1673 2.068 2.049 2.1431 2.2667 2.2285 2.2172 2.2118 2.1746 2.2494
2.0985 2.0679 2.0829 2.0967 2.1662 2.1678 2.2167 2.2356 2.2199 2.3354 2.2972 2.2041 2.1209 2.0215 1.963 1.9761 2.0441 1.9752 1.8943 1.9141 1.9513 2.0314 1.993 2.0362 1.9394 1.9135 1.9171 1.9273 1.946 1.9679 2.0566 2.1291 1.979 1.9437 1.9294 1.9273 1.9398 1.9551 2.0034 2.0491 2.0149 1.9739 1.9683 1.9617 1.9508 1.9386 1.9363 1.9056 1.9054 1.8923 1.8773 1.8856 1.8809 1.9022 1.8893 1.876 1.8889 1.9292 1.9283 1.9569 2.0025 2.0406 2.0501 2.1498
2.0379 2.0534 2.0548 2.0329 2.0437 2.0923 2.1208 2.1632 2.1442 2.074 2.0732 1.9798 1.9696 1.9565 1.939 1.9372 1.9205 1.8913 1.8887 1.8538 1.935 1.9656 1.9849 1.8851 1.9419 1.8392 1.8293 1.8133 1.827 1.852 1.8701 1.8791 1.8577 1.8788 1.9054 1.9917 1.9274 1.9569 2.0111 1.9776 1.9301 1.923 1.9185 1.9083 1.8782 1.8545 1.8444 1.8383 1.8273 1.8229 1.8337 1.8165 1.8015 1.8295 1.8631 1.9246 1.9076 1.9029 1.8724 1.8992 1.8845 1.9526 1.9838 2.0238
1.9983 1.9931 2.0324 1.9986 2.0505 2.0762 2.0189 1.9879 1.9827 1.9592 1.9649 1.9714 1.9591 1.9497 1.9474 1.9732 1.9461 1.9141 1.8757 1.8492 1.8624 1.8656 1.8465 1.8189 1.7654 1.7541 1.7574 1.7738 1.7765 1.7834 1.7906 1.8096 1.8345 1.9016 1.9911 2.0691 1.9831 1.9679 1.9669 1.9637 1.9971 1.9379 1.894 1.8809 1.8566 1.8288 1.8188 1.8031 1.8094 1.8079 1.7923 1.7921 1.7952 1.8623 1.9298 1.9951 2.043 1.9244 1.8997 1.8932 1.9407 1.9401 1.9701 1.9614
1.9574 1.963 1.9636 1.9532 1.9819 1.9803 2.0033 2.0188 2.0172 1.9945 1.9471 1.9317 1.9696 1.9848 1.9724 1.9403 1.9401 1.8886 1.8695 1.8505 1.8421 1.8248 1.835 1.7796 1.7331 1.7393 1.7648 1.7553 1.7737 1.7815 1.8114 1.8241 1.8624 1.9306 2.1294 2.1972 2.0817 1.9928 1.9272 1.9257 1.9432 1.9195 1.9348 1.9092 1.8881 1.843 1.8134 1.7974 1.8001 1.8113 1.7883 1.7934 1.7963 1.864 2.1343 2.1037 1.9576 1.9298 1.9273 2.0468 2.0054 2.0486 2.0155 1.9877
2.0325 1.9982 1.9515 1.9687 1.9678 1.9778 2.0224 2.0722 2.0989 2.0272 1.956 1.9195 1.9309 1.9641 2.0667 2.1279 2.0371 1.9066 1.8408 1.812 1.7986 1.7893 1.7739 1.7506 1.7395 1.7422 1.752 1.7599 1.782 1.8524 1.8593 1.8912 1.94 1.9714 2.1244 2.1784 2.019 1.9492 1.9042 1.8918 1.8998 1.9388 2.0486 2.0013 1.8975 1.8519 1.8119 1.8034 1.7981 1.8027 1.7875 1.8348 1.852 1.9431 2.1809 2.0236 1.9557 1.9844 2.1518 2.12 2.1829 2.2403 2.1699 2.0472
2.1799 2.0896 2.0182 1.9534 1.9453 1.9796 1.9781 1.9932 2.0405 2.0612 1.9332 1.903 1.9317 2.001 2.1229 2.2237 2.0648 1.8746 1.7975 1.7785 1.7603 1.7787 1.8467 1.7424 1.7405 1.7496 1.7574 1.7814 1.8296 1.9456 1.9117 1.8878 1.8926 1.8947 1.9358 1.9981 1.9197 1.8874 1.9085 1.9123 1.9123 1.9459 2.0012 1.9793 1.8977 1.8422 1.8109 1.8211 1.8185 1.8199 1.8702 1.8765 1.8971 1.943 2.0076 2.0614 2.0732 2.234 2.4087 2.3594 2.4758 2.4433 2.2472 2.0959
2.2151 2.2198 2.0767 1.9588 1.9378 1.9826 1.9532 1.9881 2.0395 1.9929 1.9796 1.9349 1.8829 1.9092 1.9697 2.0465 1.9099 1.7798 1.7423 1.744 1.7382 1.7791 1.8276 1.7481 1.7502 1.7661 1.7953 1.8634 1.9058 1.9609 1.9102 1.8591 1.8536 1.83 1.8413 1.8599 1.8795 1.9683 2.006 1.9501 1.9063 1.8963 1.8968 1.8716 1.8595 1.8264 1.8252 1.8289 1.8503 1.954 1.9568 1.9312 1.977 2.1041 2.2314 2.3261 2.3948 2.5328 2.5914 2.5619 2.629 2.5019 2.2605 2.1271
2.2385 2.1442 2.078 1.9441 1.9448 1.9374 1.9333 1.9361 1.9864 2.0853 1.9583 1.8938 1.8486 1.8378 1.8205 1.8538 1.7882 1.7492 1.7328 1.724 1.7555 1.7613 1.7543 1.7757 1.7891 1.7827 1.817 1.9318 1.9312 1.8631 1.8511 1.8379 1.8301 1.8255 1.8428 1.8657 1.9082 2.0291 2.0751 1.9542 1.8967 1.8549 1.8515 1.843 1.8505 1.8768 1.8737 1.9058 1.8841 1.9288 2.0357 2.1027 2.2154 2.347 2.4688 2.6322 2.8306 2.83 2.7513 2.69 2.5765 2.4314 2.2805 2.1196
2.1577 2.0939 2.0452 1.902 1.9137 1.909 1.9401 1.9192 1.9476 1.9531 1.9174 1.8853 1.8718 1.8391 1.7971 1.7582 1.7497 1.7292 1.7598 1.7665 1.7629 1.7699 1.7677 1.7945 1.7908 1.8 1.8119 1.8964 1.8493 1.9041 1.8895 1.865 1.8511 1.8571 1.9347 1.9755 2.0198 1.95 1.9637 1.9271 1.88 1.8876 1.8703 1.8858 1.8868 1.9275 1.9601 1.9486 1.9562 2.0124 2.131 2.2915 2.4362 2.5414 2.8085 2.8944 3.0723 3.0888 2.9609 2.776 2.5413 2.4015 2.2598 2.1328
2.1836 2.0941 1.9983 1.9218 1.9189 1.9038 1.9281 1.9568 1.9904 1.9811 1.9055 1.8914 1.8831 1.8215 1.7847 1.754 1.7399 1.7366 1.7524 1.7571 1.7754 1.7916 1.803 1.8082 1.8063 1.8232 1.8217 1.845 1.8673 1.951 1.9812 1.9131 1.891 1.9027 1.9642 2.1539 2.1823 1.9816 1.9303 1.9081 1.8881 1.8828 1.8881 1.9103 1.9089 1.9178 1.9615 1.9885 2.0343 2.0785 2.2906 2.6045 2.6437 2.6303 2.6798 2.7201 2.8211 3.0255 2.9852 2.6907 2.5095 2.3874 2.2328 2.1455
2.2562 2.0769 1.9521 1.9242 1.9018 1.908 1.9306 2.0501 2.1979 2.0593 1.906 1.8818 1.8913 1.8344 1.7838 1.7678 1.7609 1.7847 1.7645 1.7898 1.776 1.8035 1.815 1.8247 1.8212 1.8485 1.8341 1.8567 1.9263 2.0101 2.0045 1.9725 1.9594 1.9092 1.982 2.1071 2.0828 1.9481 1.9226 1.8985 1.8988 1.9029 1.9175 1.9269 1.9267 1.9351 1.9712 2.0588 2.0653 2.1962 2.337 2.644 2.6866 2.5775 2.5029 2.4535 2.5096 2.6018 2.6289 2.444 2.4001 2.2843 2.1648 2.167
2.1294 2.0008 1.9323 1.9318 1.9252 1.8871 1.9421 1.9905 2.0943 1.973 1.8578 1.8558 1.882 1.856 1.809 1.7921 1.7986 1.7824 1.8013 1.8089 1.8204 1.8156 1.8267 1.8438 1.8425 1.8567 1.8511 1.8749 1.9042 1.9695 2.042 2.1312 1.975 1.9258 1.9475 1.9985 1.9593 1.9231 1.9324 1.9067 1.9198 1.9302 1.9335 1.9323 1.9617 1.9761 1.9989 2.0512 2.1354 2.2457 2.3439 2.5388 2.4792 2.3443 2.2796 2.2633 2.2723 2.2713 2.3089 2.2313 2.1788 2.1207 2.1116 2.1169
1.979 1.8662 1.8643 1.877 1.8789 1.891 1.8994 1.9098 1.9303 1.8735 1.845 1.844 1.8444 1.8267 1.8661 1.8195 1.8248 1.8353 1.8331 1.8285 1.8352 1.8535 1.8357 1.8653 1.8773 1.8564 1.8758 1.9152 1.9668 1.9853 2.0294 2.1241 2.0422 1.9342 1.9199 1.9107 1.9165 1.9154 1.9149 1.9255 1.9958 1.9836 1.979 1.9751 1.9993 2.0307 2.0725 2.1324 2.2235 2.3034 2.233 2.2835 2.2091 2.1701 2.1298 2.1279 2.0973 2.0791 2.0605 1.9986 2.0432 1.9907 2.0702 2.0703
1.8914 1.8379 1.8304 1.8537 1.8651 1.8698 1.8733 1.8758 1.8645 1.8892 1.8761 1.8432 1.8549 1.8195 1.8483 1.842 1.8409 1.8616 1.8325 1.8701 1.9264 1.9182 1.8815 1.8855 1.8937 1.8902 1.9065 1.9499 2.0738 2.0614 2.0107 2.0148 1.9966 1.9601 1.9373 1.9639 1.9357 1.9524 1.9504 1.993 1.9948 2.0262 2.0331 2.0611 2.1181 2.1793 2.2376 2.2615 2.3346 2.4441 2.2309 2.1398 2.0963 2.0647 2.0485 2.0772 2.0178 1.9819 2.0011 1.9535 1.9311 1.9466 1.9604 1.9471
1.7968 1.7781 1.7739 1.8326 1.8799 1.8481 1.8698 1.877 1.8205 1.8453 1.879 1.8458 1.8403 1.84 1.864 1.8655 1.8667 1.8876 1.8975 1.9335 1.981 1.9924 1.9476 1.9468 1.911 1.9332 1.9467 1.9521 2.0149 1.9628 1.9539 1.9473 1.9207 1.9315 1.9334 1.997 1.982 2.0037 1.9742 2.0014 2.0154 2.048 2.2601 2.3424 2.5071 2.5272 2.4432 2.486 2.4565 2.3688 2.3366 2.2309 2.0815 2.0325 2.0134 2.0809 2.0003 1.9716 1.9433 1.9386 1.9701 1.9385 1.9481 1.9391
1.7672 1.7478 1.7492 1.7749 1.7968 1.8214 1.84 1.8019 1.8459 1.8682 1.8909 1.8596 1.8409 1.8813 1.881 1.9247 1.9888 1.9406 1.9365 1.9815 2.039 2.0945 2.0447 2.0278 1.9702 1.9595 1.9342 2.0265 2.1441 2.0022 1.9257 1.9244 1.9208 1.9251 1.9353 1.994 2.0243 2.1185 2.0895 2.0158 2.0105 2.1387 2.4702 2.5311 2.5348 2.6 2.6335 2.8211 2.6751 2.3411 2.2694 2.1485 2.0719 2.0516 2.051 2.0252 1.9754 1.973 1.9258 1.95 1.957 1.9375 1.9398 1.9421
1.769 1.7615 1.7513 1.7698 1.7558 1.7881 1.8063 1.8207 1.8347 1.8492 1.8597 1.8563 1.8585 1.8752 1.9519 2.0994 2.1681 2.1701 2.1176 2.0351 2.0771 2.1843 2.1932 2.2411 2.2037 2.0098 1.9375 2.0224 2.1908 1.9812 1.9014 1.9063 1.9197 1.9294 1.9415 2.0064 2.2287 2.1447 2.0117 1.9981 2.032 2.1806 2.3245 2.558 2.7304 2.8434 2.686 2.7383 2.5288 2.3452 2.2194 2.15 2.1034 2.099 2.0498 2.0216 2.0279 1.9567 1.9545 1.9348 1.9423 1.9341 1.9125 1.9501
1.7885 1.7609 1.7548 1.7844 1.7621 1.8001 1.8422 1.8202 1.8228 1.8484 1.8375 1.8902 1.9028 1.9761 2.0978 2.4476 2.3958 2.2786 2.2386 2.1433 2.2065 2.2723 2.4513 2.4434 2.0489 1.9348 1.9276 1.9373 2.0417 1.9307 1.9021 1.8915 1.8983 1.9404 1.9209 1.9899 2.0214 1.9872 1.9847 1.9873 2.0198 2.0926 2.2935 2.7291 2.9354 2.8253 2.6783 2.6344 2.6091 2.5328 2.3327 2.2172 2.2009 2.2394 2.1978 2.1428 2.0662 2.0104 1.9688 1.9467 1.9544 1.9373 1.9525 1.9494
1.7968 1.7772 1.7818 1.796 1.8142 1.8126 1.8266 1.8402 1.8458 1.8552 1.8897 1.8904 1.935 2.0435 2.215 2.4633 2.4982 2.3929 2.4438 2.4172 2.2791 2.1637 2.126 2.0619 1.9766 1.8971 1.8978 1.9154 1.918 1.8992 1.8836 1.8938 1.9026 1.9001 1.9407 1.964 1.9717 1.9549 1.9756 1.9829 1.9824 2.0521 2.3336 2.6956 2.9505 2.8058 2.7054 2.8238 2.9039 2.8997 2.58 2.4007 2.4469 2.5278 2.4236 2.4369 2.2522 2.1171 2.0256 1.9795 1.9549 1.9544 1.9783 1.9548
1.8243 1.806 1.8182 1.7949 1.798 1.8089 1.8468 1.8262 1.8734 1.8687 1.8952 1.9218 1.995 2.0872 2.5151 2.6873 2.5679 2.4178 2.5362 2.7523 2.5132 2.2661 2.0513 1.9461 1.9322 1.9023 1.8985 1.9115 1.9297 1.9185 1.8987 1.8908 1.8938 1.9444 1.9277 1.9419 1.918 1.9433 1.9513 1.9635 1.9734 2.0124 2.1132 2.3353 2.7308 2.8932 2.9078 2.951 2.9999 2.8165 2.5909 2.5493 2.6429 2.6127 2.4399 2.5616 2.4243 2.1864 2.0657 1.9876 1.9456 1.9281 1.9342 1.9588
1.8184 1.8129 1.8106 1.8028 1.8116 1.8723 1.8538 1.8605 1.8701 1.9324 1.9547 2.0319 2.1034 2.2288 2.5846 2.6168 2.4779 2.3152 2.4541 2.7118 2.5404 2.1838 1.9987 1.9335 1.9342 1.903 1.9045 1.9229 1.9244 1.9246 1.909 1.8992 1.895 1.9292 1.9328 1.9204 1.9262 1.9348 1.941 1.9498 1.9694 1.992 2.0396 2.1545 2.3793 2.6161 2.8694 2.845 2.9813 2.8329 2.8 2.6672 2.4842 2.3765 2.3295 2.2843 2.2115 2.1488 2.0945 1.9755 1.9448 1.9402 1.9589 1.9735
1.8184 1.8354 1.8213 1.7836 1.8132 1.9256 1.9818 1.9121 1.9271 2.0461 2.1397 2.239 2.1552 2.2257 2.5524 2.5239 2.2755 2.2213 2.4119 2.6663 2.5477 2.2359 1.9856 1.9022 1.9255 1.8935 1.8878 1.881 1.9417 2.0018 1.9744 1.9082 1.8936 1.9234 1.9167 1.9412 1.9308 1.9305 1.9315 1.9556 1.9798 1.9392 1.9494 2.0162 2.1109 2.2468 2.388 2.445 2.8514 2.8642 2.7897 2.634 2.4022 2.287 2.1662 2.1765 2.1716 2.1422 2.1003 2.0415 2.0022 1.9697 2.024 2.0703
1.8312 1.8139 1.8153 1.8014 1.8405 1.8761 1.9586 1.9473 1.9867 2.2176 2.4333 2.3929 2.1597 2.1818 2.3705 2.4627 2.1941 2.1242 2.2415 2.3255 2.243 1.9662 1.8701 1.8893 1.8602 1.8858 1.8875 1.8828 1.9346 2.0653 1.9878 1.8979 1.888 1.8867 1.9028 2.0028 2.0048 1.9274 1.9158 1.92 1.9257 1.9063 1.9202 1.9385 1.9716 2.0154 2.053 2.1699 2.3444 2.4427 2.2424 2.1545 2.1425 2.0548 2.0908 2.2529 2.3505 2.3696 2.2188 2.2105 2.1337 2.08 2.1306 2.2438
1.8373 1.8261 1.8241 1.8596 1.8898 1.9268 1.98 2.0241 2.0896 2.2705 2.5895 2.5982 2.2991 2.1084 2.2304 2.178 1.9907 2.0002 2.0442 2.0216 1.9168 1.8123 1.8519 1.8511 1.8581 1.8826 1.8786 1.8697 1.9044 1.9228 1.8889 1.8879 1.8877 1.8741 1.9006 2.0044 2.0079 1.9296 1.912 1.9253 1.9606 1.9016 1.8948 1.8888 1.881 1.8972 1.9386 2.0512 2.1394 2.0362 1.94 1.9148 1.9272 2.0127 2.2836 2.6033 2.6109 2.5099 2.4375 2.4968 2.4847 2.286 2.2728 2.4054
1.8181 1.8132 1.8532 1.9194 2.0504 2.1248 2.1878 2.2017 2.3588 2.5057 2.584 2.5595 2.4142 2.1498 1.984 1.9261 1.8874 1.8566 1.8582 1.847 1.8083 1.832 1.8697 1.8642 1.8912 1.8768 1.885 1.8829 1.8777 1.8828 1.8876 1.8789 1.9069 1.8853 1.8854 1.8772 1.9173 1.9181 1.9434 1.9917 1.9888 1.9291 1.8931 1.8578 1.8643 1.8651 1.8957 1.9398 1.9825 1.9069 1.9073 1.9197 1.9749 2.0123 2.174 2.3517 2.4847 2.615 2.4359 2.6682 2.8435 2.6197 2.4418 2.5549
1.8885 1.8981 1.8717 1.9775 2.1555 2.395 2.4539 2.4274 2.5843 2.6603 2.5103 2.3698 2.0928 1.9988 1.8983 1.8707 1.868 1.8499 1.8311 1.8751 1.8534 1.8905 1.9504 1.8787 1.8802 1.8782 1.8801 1.874 1.8748 1.8689 1.8788 1.8801 1.8729 1.8665 1.8677 1.8654 1.8773 1.9272 1.9605 2.0288 2.1408 2.0169 1.8993 1.8502 1.8529 1.8611 1.8731 1.8677 1.8731 1.8718 1.8826 1.9547 2.0729 2.0975 2.1337 2.2088 2.3034 2.3321 2.3023 2.5067 2.915 2.8382 2.6376 2.737
2.128 2.0932 1.9171 1.9963 2.245 2.5092 2.648 2.5235 2.4821 2.3861 2.2321 2.0315 1.9238 1.92 1.8799 1.9096 1.8869 1.8431 1.8431 1.8634 1.9576 1.9543 2.0773 1.9759 1.8728 1.8663 1.8878 1.8643 1.8633 1.848 1.8687 1.8861 1.9075 1.8924 1.9307 1.8549 1.8814 1.8906 1.9111 2.0605 2.0807 1.9728 1.8926 1.8673 1.8724 1.8612 1.8634 1.8519 1.8568 1.8787 1.9031 2.0138 2.2765 2.3744 2.3253 2.2132 2.1797 2.1639 2.2651 2.4595 2.7701 2.7832 2.7971 2.9321
2.3365 2.1227 1.9409 1.996 2.2503 2.5198 2.592 2.4249 2.3162 2.2125 2.1405 1.9458 1.8913 1.8776 1.8778 1.8776 1.8739 1.8979 1.9817 2.0501 2.138 2.0468 2.0282 1.9611 1.8822 1.8537 1.8602 1.8618 1.8871 1.8831 1.8567 1.9048 1.8928 1.9476 2.0011 1.8775 1.8573 1.8632 1.8569 1.8811 1.9163 1.8739 1.8629 1.8422 1.853 1.8543 1.8591 1.8509 1.8698 1.8549 1.8937 2.0043 2.4099 2.5523 2.4798 2.3306 2.1132 2.098 2.2261 2.5484 2.6892 2.5419 2.6413 2.6808
