0 0 0 0 0 0 0 0 0 0 0 0 0 0 0 0 0 0 0 0 0 0 0 0 0 0 0 0 0 0 0 0 0 0 0 0 0 0 0 0 0 0 0 0 0 0 0 0 0 0 0 0 0 0 0 0 0 0 0 0 0 0 0 0
0.012708 0.012708 0.012708 0.012708 0.012708 0.012708 0.012708 0.012708 0.012708 0.012708 0.012708 0.012708 0.012708 0.012708 0.012708 0.012708 0.012708 0.012708 0.012708 0.012708 0.012708 0.012708 0.012708 0.012708 0.012708 0.012708 0.012708 0.012708 0.012708 0.012708 0.012708 0.012708 0.012708 0.012708 0.012708 0.012708 0.012708 0.012708 0.012708 0.012708 0.012708 0.012708 0.012708 0.012708 0.012708 0.012708 0.012708 0.012708 0.012708 0.012708 0.012708 0.012708 0.012708 0.012708 0.012708 0.012708 0.012708 0.012708 0.012708 0.012708 0.012708 0.012708 0.012708 0.012708
0.082635 0.082635 0.082635 0.082635 0.082635 0.082635 0.082635 0.082635 0.082635 0.082635 0.082635 0.082635 0.082635 0.082635 0.082635 0.082635 0.082635 0.082635 0.082635 0.082635 0.082635 0.082635 0.082635 0.082635 0.082635 0.082635 0.082635 0.082635 0.082635 0.082635 0.082635 0.082635 0.082635 0.082635 0.082635 0.082635 0.082635 0.082635 0.082635 0.082635 0.082635 0.082635 0.082635 0.082635 0.082635 0.082635 0.082635 0.082635 0.082635 0.082635 0.082635 0.082635 0.082635 0.082635 0.082635 0.082635 0.082635 0.082635 0.082635 0.082635 0.082635 0.082635 0.082635 0.082635
0.15256 0.15256 0.15256 0.15256 0.15256 0.15256 0.15256 0.15256 0.15256 0.15256 0.15256 0.15256 0.15256 0.15256 0.15256 0.15256 0.15256 0.15256 0.15256 0.15256 0.15256 0.15256 0.15256 0.15256 0.15256 0.15256 0.15256 0.15256 0.15256 0.15256 0.15256 0.15256 0.15256 0.15256 0.15256 0.15256 0.15256 0.15256 0.15256 0.15256 0.15256 0.15256 0.15256 0.15256 0.15256 0.15256 0.15256 0.15256 0.15256 0.15256 0.15256 0.15256 0.15256 0.15256 0.15256 0.15256 0.15256 0.15256 0.15256 0.15256 0.15256 0.15256 0.15256 0.15256
0.22249 0.22249 0.22249 0.22249 0.22249 0.22249 0.22249 0.22249 0.22249 0.22249 0.22249 0.22249 0.22249 0.22249 0.22249 0.22249 0.22249 0.22249 0.22249 0.22249 0.22249 0.22249 0.22249 0.22249 0.22249 0.22249 0.22249 0.22249 0.22249 0.22249 0.22249 0.22249 0.22249 0.22249 0.22249 0.22249 0.22249 0.22249 0.22249 0.22249 0.22249 0.22249 0.22249 0.22249 0.22249 0.22249 0.22249 0.22249 0.22249 0.22249 0.22249 0.22249 0.22249 0.22249 0.22249 0.22249 0.22249 0.22249 0.22249 0.22249 0.22249 0.22249 0.22249 0.22249
0.29242 0.29242 0.29242 0.29242 0.29242 0.29242 0.29242 0.29242 0.29242 0.29242 0.29242 0.29242 0.29242 0.29242 0.29242 0.29242 0.29242 0.29242 0.29242 0.29242 0.29242 0.29242 0.29242 0.29242 0.29242 0.29242 0.29242 0.29242 0.29242 0.29242 0.29242 0.29242 0.29242 0.29242 0.29242 0.29242 0.29242 0.29242 0.29242 0.29242 0.29242 0.29242 0.29242 0.29242 0.29242 0.29242 0.29242 0.29242 0.29242 0.29242 0.29242 0.29242 0.29242 0.29242 0.29242 0.29242 0.29242 0.29242 0.29242 0.29242 0.29242 0.29242 0.29242 0.29242
0.36234 0.36234 0.36234 0.36234 0.36234 0.36234 0.36234 0.36234 0.36234 0.36234 0.36234 0.36234 0.36234 0.36234 0.36234 0.36234 0.36234 0.36234 0.36234 0.36234 0.36234 0.36234 0.36234 0.36234 0.36234 0.36234 0.36234 0.36234 0.36234 0.36234 0.36234 0.36234 0.36234 0.36234 0.36234 0.36234 0.36234 0.36234 0.36234 0.36234 0.36234 0.36234 0.36234 0.36234 0.36234 0.36234 0.36234 0.36234 0.36234 0.36234 0.36234 0.36234 0.36234 0.36234 0.36234 0.36234 0.36234 0.36234 0.36234 0.36234 0.36234 0.36234 0.36234 0.36234
0.43227 0.43227 0.43227 0.43227 0.43227 0.43227 0.43227 0.43227 0.43227 0.43227 0.43227 0.43227 0.43227 0.43227 0.43227 0.43227 0.43227 0.43227 0.43227 0.43227 0.43227 0.43227 0.43227 0.43227 0.43227 0.43227 0.43227 0.43227 0.43227 0.43227 0.43227 0.43227 0.43227 0.43227 0.43227 0.43227 0.43227 0.43227 0.43227 0.43227 0.43227 0.43227 0.43227 0.43227 0.43227 0.43227 0.43227 0.43227 0.43227 0.43227 0.43227 0.43227 0.43227 0.43227 0.43227 0.43227 0.43227 0.43227 0.43227 0.43227 0.43227 0.43227 0.43227 0.43227
0.5022 0.5022 0.5022 0.5022 0.5022 0.5022 0.5022 0.5022 0.5022 0.5022 0.5022 0.5022 0.5022 0.5022 0.5022 0.5022 0.5022 0.5022 0.5022 0.5022 0.5022 0.5022 0.5022 0.5022 0.5022 0.5022 0.5022 0.5022 0.5022 0.5022 0.5022 0.5022 0.5022 0.5022 0.5022 0.5022 0.5022 0.5022 0.5022 0.5022 0.5022 0.5022 0.5022 0.5022 0.5022 0.5022 0.5022 0.5022 0.5022 0.5022 0.5022 0.5022 0.5022 0.5022 0.5022 0.5022 0.5022 0.5022 0.5022 0.5022 0.5022 0.5022 0.5022 0.5022
0.57212 0.57212 0.57212 0.57212 0.57212 0.57212 0.57212 0.57212 0.57212 0.57212 0.57212 0.57212 0.57212 0.57212 0.57212 0.57212 0.57212 0.57212 0.57212 0.57212 0.57212 0.57212 0.57212 0.57212 0.57212 0.57212 0.57212 0.57212 0.57212 0.57212 0.57212 0.57212 0.57212 0.57212 0.57212 0.57212 0.57212 0.57212 0.57212 0.57212 0.57212 0.57212 0.57212 0.57212 0.57212 0.57212 0.57212 0.57212 0.57212 0.57212 0.57212 0.57212 0.57212 0.57212 0.57212 0.57212 0.57212 0.57212 0.57212 0.57212 0.57212 0.57212 0.57212 0.57212
0.64205 0.64205 0.64205 0.64205 0.64205 0.64205 0.64205 0.64205 0.64205 0.64205 0.64205 0.64205 0.64205 0.64205 0.64205 0.64205 0.64205 0.64205 0.64205 0.64205 0.64205 0.64205 0.64205 0.64205 0.64205 0.64205 0.64205 0.64205 0.64205 0.64205 0.64205 0.64205 0.64205 0.64205 0.64205 0.64205 0.64205 0.64205 0.64205 0.64205 0.64205 0.64205 0.64205 0.64205 0.64205 0.64205 0.64205 0.64205 0.64205 0.64205 0.64205 0.64205 0.64205 0.64205 0.64205 0.64205 0.64205 0.64205 0.64205 0.64205 0.64205 0.64205 0.64205 0.64205
0.71198 0.71198 0.71198 0.71198 0.71198 0.71198 0.71198 0.71198 0.71198 0.71198 0.71198 0.71198 0.71198 0.71198 0.71198 0.71198 0.71198 0.71198 0.71198 0.71198 0.71198 0.71198 0.71198 0.71198 0.71198 0.71198 0.71198 0.71198 0.71198 0.71198 0.71198 0.71198 0.71198 0.71198 0.71198 0.71198 0.71198 0.71198 0.71198 0.71198 0.71198 0.71198 0.71198 0.71198 0.71198 0.71198 0.71198 0.71198 0.71198 0.71198 0.71198 0.71198 0.71198 0.71198 0.71198 0.71198 0.71198 0.71198 0.71198 0.71198 0.71198 0.71198 0.71198 0.71198
0.7819 0.7819 0.7819 0.7819 0.7819 0.7819 0.7819 0.7819 0.7819 0.7819 0.7819 0.7819 0.7819 0.7819 0.7819 0.7819 0.7819 0.7819 0.7819 0.7819 0.7819 0.7819 0.7819 0.7819 0.7819 0.7819 0.7819 0.7819 0.7819 0.7819 0.7819 0.7819 0.7819 0.7819 0.7819 0.7819 0.7819 0.7819 0.7819 0.7819 0.7819 0.7819 0.7819 0.7819 0.7819 0.7819 0.7819 0.7819 0.7819 0.7819 0.7819 0.7819 0.7819 0.7819 0.7819 0.7819 0.7819 0.7819 0.7819 0.7819 0.7819 0.7819 0.7819 0.7819
0.85183 0.85183 0.85183 0.85183 0.85183 0.85183 0.85183 0.85183 0.85183 0.85183 0.85183 0.85183 0.85183 0.85183 0.85183 0.85183 0.85183 0.85183 0.85183 0.85183 0.85183 0.85183 0.85183 0.85183 0.85183 0.85183 0.85183 0.85183 0.85183 0.85183 0.85183 0.85183 0.85183 0.85183 0.85183 0.85183 0.85183 0.85183 0.85183 0.85183 0.85183 0.85183 0.85183 0.85183 0.85183 0.85183 0.85183 0.85183 0.85183 0.85183 0.85183 0.85183 0.85183 0.85183 0.85183 0.85183 0.85183 0.85183 0.85183 0.85183 0.85183 0.85183 0.85183 0.85183
0.92176 0.92176 0.92176 0.92176 0.92176 0.92176 0.92176 0.92176 0.92176 0.92176 0.92176 0.92176 0.92176 0.92176 0.92176 0.92176 0.92176 0.92176 0.92176 0.92176 0.92176 0.92176 0.92176 0.92176 0.92176 0.92176 0.92176 0.92176 0.92176 0.92176 0.92176 0.92176 0.92176 0.92176 0.92176 0.92176 0.92176 0.92176 0.92176 0.92176 0.92176 0.92176 0.92176 0.92176 0.92176 0.92176 0.92176 0.92176 0.92176 0.92176 0.92176 0.92176 0.92176 0.92176 0.92176 0.92176 0.92176 0.92176 0.92176 0.92176 0.92176 0.92176 0.92176 0.92176
0.99168 0.99168 0.99168 0.99168 0.99168 0.99168 0.99168 0.99168 0.99168 0.99168 0.99168 0.99168 0.99168 0.99168 0.99168 0.99168 0.99168 0.99168 0.99168 0.99168 0.99168 0.99168 0.99168 0.99168 0.99168 0.99168 0.99168 0.99168 0.99168 0.99168 0.99168 0.99168 0.99168 0.99168 0.99168 0.99168 0.99168 0.99168 0.99168 0.99168 0.99168 0.99168 0.99168 0.99168 0.99168 0.99168 0.99168 0.99168 0.99168 0.99168 0.99168 0.99168 0.99168 0.99168 0.99168 0.99168 0.99168 0.99168 0.99168 0.99168 0.99168 0.99168 0.99168 0.99168
1.0616 1.0616 1.0616 1.0616 1.0616 1.0616 1.0616 1.0616 1.0616 1.0616 1.0616 1.0616 1.0616 1.0616 1.0616 1.0616 1.0616 1.0616 1.0616 1.0616 1.0616 1.0616 1.0616 1.0616 1.0616 1.0616 1.0616 1.0616 1.0616 1.0616 1.0616 1.0616 1.0616 1.0616 1.0616 1.0616 1.0616 1.0616 1.0616 1.0616 1.0616 1.0616 1.0616 1.0616 1.0616 1.0616 1.0616 1.0616 1.0616 1.0616 1.0616 1.0616 1.0616 1.0616 1.0616 1.0616 1.0616 1.0616 1.0616 1.0616 1.0616 1.0616 1.0616 1.0616
1.1315 1.1315 1.1315 1.1315 1.1315 1.1315 1.1315 1.1315 1.1315 1.1315 1.1315 1.1315 1.1315 1.1315 1.1315 1.1315 1.1315 1.1315 1.1315 1.1315 1.1315 1.1315 1.1315 1.1315 1.1315 1.1315 1.1315 1.1315 1.1315 1.1315 1.1315 1.1315 1.1315 1.1315 1.1315 1.1315 1.1315 1.1315 1.1315 1.1315 1.1315 1.1315 1.1315 1.1315 1.1315 1.1315 1.1315 1.1315 1.1315 1.1315 1.1315 1.1315 1.1315 1.1315 1.1315 1.1315 1.1315 1.1315 1.1315 1.1315 1.1315 1.1315 1.1315 1.1315
1.2015 1.2015 1.2015 1.2015 1.2015 1.2015 1.2015 1.2015 1.2015 1.2015 1.2015 1.2015 1.2015 1.2015 1.2015 1.2015 1.2015 1.2015 1.2015 1.2015 1.2015 1.2015 1.2015 1.2015 1.2015 1.2015 1.2015 1.2015 1.2015 1.2015 1.2015 1.2015 1.2015 1.2015 1.2015 1.2015 1.2015 1.2015 1.2015 1.2015 1.2015 1.2015 1.2015 1.2015 1.2015 1.2015 1.2015 1.2015 1.2015 1.2015 1.2015 1.2015 1.2015 1.2015 1.2015 1.2015 1.2015 1.2015 1.2015 1.2015 1.2015 1.2015 1.2015 1.2015
1.2714 1.2714 1.2714 1.2714 1.2714 1.2714 1.2714 1.2714 1.2714 1.2714 1.2714 1.2714 1.2714 1.2714 1.2714 1.2714 1.2714 1.2714 1.2714 1.2714 1.2714 1.2714 1.2714 1.2714 1.2714 1.2714 1.2714 1.2714 1.2714 1.2714 1.2714 1.2714 1.2714 1.2714 1.2714 1.2714 1.2714 1.2714 1.2714 1.2714 1.2714 1.2714 1.2714 1.2714 1.2714 1.2714 1.2714 1.2714 1.2714 1.2714 1.2714 1.2714 1.2714 1.2714 1.2714 1.2714 1.2714 1.2714 1.2714 1.2714 1.2714 1.2714 1.2714 1.2714
1.3413 1.3413 1.3413 1.3413 1.3413 1.3413 1.3413 1.3413 1.3413 1.3413 1.3413 1.3413 1.3413 1.3413 1.3413 1.3413 1.3413 1.3413 1.3413 1.3413 1.3413 1.3413 1.3413 1.3413 1.3413 1.3413 1.3413 1.3413 1.3413 1.3413 1.3413 1.3413 1.3413 1.3413 1.3413 1.3413 1.3413 1.3413 1.3413 1.3413 1.3413 1.3413 1.3413 1.3413 1.3413 1.3413 1.3413 1.3413 1.3413 1.3413 1.3413 1.3413 1.3413 1.3413 1.3413 1.3413 1.3413 1.3413 1.3413 1.3413 1.3413 1.3413 1.3413 1.3413
1.4112 1.4112 1.4112 1.4112 1.4112 1.4112 1.4112 1.4112 1.4112 1.4112 1.4112 1.4112 1.4112 1.4112 1.4112 1.4112 1.4112 1.4112 1.4112 1.4112 1.4112 1.4112 1.4112 1.4112 1.4112 1.4112 1.4112 1.4112 1.4112 1.4112 1.4112 1.4112 1.4112 1.4112 1.4112 1.4112 1.4112 1.4112 1.4112 1.4112 1.4112 1.4112 1.4112 1.4112 1.4112 1.4112 1.4112 1.4112 1.4112 1.4112 1.4112 1.4112 1.4112 1.4112 1.4112 1.4112 1.4112 1.4112 1.4112 1.4112 1.4112 1.4112 1.4112 1.4112
1.4812 1.4812 1.4812 1.4812 1.4812 1.4812 1.4812 1.4812 1.4812 1.4812 1.4812 1.4812 1.4812 1.4812 1.4812 1.4812 1.4812 1.4812 1.4812 1.4812 1.4812 1.4812 1.4812 1.4812 1.4812 1.4812 1.4812 1.4812 1.4812 1.4812 1.4812 1.4812 1.4812 1.4812 1.4812 1.4812 1.4812 1.4812 1.4812 1.4812 1.4812 1.4812 1.4812 1.4812 1.4812 1.4812 1.4812 1.4812 1.4812 1.4812 1.4812 1.4812 1.4812 1.4812 1.4812 1.4812 1.4812 1.4812 1.4812 1.4812 1.4812 1.4812 1.4812 1.4812
1.5511 1.5511 1.5511 1.5511 1.5511 1.5511 1.5511 1.5511 1.5511 1.5511 1.5511 1.5511 1.5511 1.5511 1.5511 1.5511 1.5511 1.5511 1.5511 1.5511 1.5511 1.5511 1.5511 1.5511 1.5511 1.5511 1.5511 1.5511 1.5511 1.5511 1.5511 1.5511 1.5511 1.5511 1.5511 1.5511 1.5511 1.5511 1.5511 1.5511 1.5511 1.5511 1.5511 1.5511 1.5511 1.5511 1.5511 1.5511 1.5511 1.5511 1.5511 1.5511 1.5511 1.5511 1.5511 1.5511 1.5511 1.5511 1.5511 1.5511 1.5511 1.5511 1.5511 1.5511
1.621 1.621 1.621 1.621 1.621 1.621 1.621 1.621 1.621 1.621 1.621 1.621 1.621 1.621 1.621 1.621 1.621 1.621 1.621 1.621 1.621 1.621 1.621 1.621 1.621 1.621 1.621 1.621 1.621 1.621 1.621 1.621 1.621 1.621 1.621 1.621 1.621 1.621 1.621 1.621 1.621 1.621 1.621 1.621 1.621 1.621 1.621 1.621 1.621 1.621 1.621 1.621 1.621 1.621 1.621 1.621 1.621 1.621 1.621 1.621 1.621 1.621 1.621 1.621
1.691 1.691 1.691 1.691 1.691 1.691 1.691 1.691 1.691 1.691 1.691 1.691 1.691 1.691 1.691 1.691 1.691 1.691 1.691 1.691 1.691 1.691 1.691 1.691 1.691 1.691 1.691 1.691 1.691 1.691 1.691 1.691 1.691 1.691 1.691 1.691 1.691 1.691 1.691 1.691 1.691 1.691 1.691 1.691 1.691 1.691 1.691 1.691 1.691 1.691 1.691 1.691 1.691 1.691 1.691 1.691 1.691 1.691 1.691 1.691 1.691 1.691 1.691 1.691
1.7609 1.7609 1.7609 1.7609 1.7609 1.7609 1.7609 1.7609 1.7609 1.7609 1.7609 1.7609 1.7609 1.7609 1.7609 1.7609 1.7609 1.7609 1.7609 1.7609 1.7609 1.7609 1.7609 1.7609 1.7609 1.7609 1.7609 1.7609 1.7609 1.7609 1.7609 1.7609 1.7609 1.7609 1.7609 1.7609 1.7609 1.7609 1.7609 1.7609 1.7609 1.7609 1.7609 1.7609 1.7609 1.7609 1.7609 1.7609 1.7609 1.7609 1.7609 1.7609 1.7609 1.7609 1.7609 1.7609 1.7609 1.7609 1.7609 1.7609 1.7609 1.7609 1.7609 1.7609
1.8308 1.8308 1.8308 1.8308 1.8308 1.8308 1.8308 1.8308 1.8308 1.8308 1.8308 1.8308 1.8308 1.8308 1.8308 1.8308 1.8308 1.8308 1.8308 1.8308 1.8308 1.8308 1.8308 1.8308 1.8308 1.8308 1.8308 1.8308 1.8308 1.8308 1.8308 1.8308 1.8308 1.8308 1.8308 1.8308 1.8308 1.8308 1.8308 1.8308 1.8308 1.8308 1.8308 1.8308 1.8308 1.8308 1.8308 1.8308 1.8308 1.8308 1.8308 1.8308 1.8308 1.8308 1.8308 1.8308 1.8308 1.8308 1.8308 1.8308 1.8308 1.8308 1.8308 1.8308
1.9007 1.9007 1.9007 1.9007 1.9007 1.9007 1.9007 1.9007 1.9007 1.9007 1.9007 1.9007 1.9007 1.9007 1.9007 1.9007 1.9007 1.9007 1.9007 1.9007 1.9007 1.9007 1.9007 1.9007 1.9007 1.9007 1.9007 1.9007 1.9007 1.9007 1.9007 1.9007 1.9007 1.9007 1.9007 1.9007 1.9007 1.9007 1.9007 1.9007 1.9007 1.9007 1.9007 1.9007 1.9007 1.9007 1.9007 1.9007 1.9007 1.9007 1.9007 1.9007 1.9007 1.9007 1.9007 1.9007 1.9007 1.9007 1.9007 1.9007 1.9007 1.9007 1.9007 1.9007
1.9707 1.9707 1.9707 1.9707 1.9707 1.9707 1.9707 1.9707 1.9707 1.9707 1.9707 1.9707 1.9707 1.9707 1.9707 1.9707 1.9707 1.9707 1.9707 1.9707 1.9707 1.9707 1.9707 1.9707 1.9707 1.9707 1.9707 1.9707 1.9707 1.9707 1.9707 1.9707 1.9707 1.9707 1.9707 1.9707 1.9707 1.9707 1.9707 1.9707 1.9707 1.9707 1.9707 1.9707 1.9707 1.9707 1.9707 1.9707 1.9707 1.9707 1.9707 1.9707 1.9707 1.9707 1.9707 1.9707 1.9707 1.9707 1.9707 1.9707 1.9707 1.9707 1.9707 1.9707
2.0406 2.0406 2.0406 2.0406 2.0406 2.0406 2.0406 2.0406 2.0406 2.0406 2.0406 2.0406 2.0406 2.0406 2.0406 2.0406 2.0406 2.0406 2.0406 2.0406 2.0406 2.0406 2.0406 2.0406 2.0406 2.0406 2.0406 2.0406 2.0406 2.0406 2.0406 2.0406 2.0406 2.0406 2.0406 2.0406 2.0406 2.0406 2.0406 2.0406 2.0406 2.0406 2.0406 2.0406 2.0406 2.0406 2.0406 2.0406 2.0406 2.0406 2.0406 2.0406 2.0406 2.0406 2.0406 2.0406 2.0406 2.0406 2.0406 2.0406 2.0406 2.0406 2.0406 2.0406
2.1105 2.1105 2.1105 2.1105 2.1105 2.1105 2.1105 2.1105 2.1105 2.1105 2.1105 2.1105 2.1105 2.1105 2.1105 2.1105 2.1105 2.1105 2.1105 2.1105 2.1105 2.1105 2.1105 2.1105 2.1105 2.1105 2.1105 2.1105 2.1105 2.1105 2.1105 2.1105 2.1105 2.1105 2.1105 2.1105 2.1105 2.1105 2.1105 2.1105 2.1105 2.1105 2.1105 2.1105 2.1105 2.1105 2.1105 2.1105 2.1105 2.1105 2.1105 2.1105 2.1105 2.1105 2.1105 2.1105 2.1105 2.1105 2.1105 2.1105 2.1105 2.1105 2.1105 2.1105
2.1804 2.1804 2.1804 2.1804 2.1804 2.1804 2.1804 2.1804 2.1804 2.1804 2.1804 2.1804 2.1804 2.1804 2.1804 2.1804 2.1804 2.1804 2.1804 2.1804 2.1804 2.1804 2.1804 2.1804 2.1804 2.1804 2.1804 2.1804 2.1804 2.1804 2.1804 2.1804 2.1804 2.1804 2.1804 2.1804 2.1804 2.1804 2.1804 2.1804 2.1804 2.1804 2.1804 2.1804 2.1804 2.1804 2.1804 2.1804 2.1804 2.1804 2.1804 2.1804 2.1804 2.1804 2.1804 2.1804 2.1804 2.1804 2.1804 2.1804 2.1804 2.1804 2.1804 2.1804
2.2504 2.2504 2.2504 2.2504 2.2504 2.2504 2.2504 2.2504 2.2504 2.2504 2.2504 2.2504 2.2504 2.2504 2.2504 2.2504 2.2504 2.2504 2.2504 2.2504 2.2504 2.2504 2.2504 2.2504 2.2504 2.2504 2.2504 2.2504 2.2504 2.2504 2.2504 2.2504 2.2504 2.2504 2.2504 2.2504 2.2504 2.2504 2.2504 2.2504 2.2504 2.2504 2.2504 2.2504 2.2504 2.2504 2.2504 2.2504 2.2504 2.2504 2.2504 2.2504 2.2504 2.2504 2.2504 2.2504 2.2504 2.2504 2.2504 2.2504 2.2504 2.2504 2.2504 2.2504
2.3203 2.3203 2.3203 2.3203 2.3203 2.3203 2.3203 2.3203 2.3203 2.3203 2.3203 2.3203 2.3203 2.3203 2.3203 2.3203 2.3203 2.3203 2.3203 2.3203 2.3203 2.3203 2.3203 2.3203 2.3203 2.3203 2.3203 2.3203 2.3203 2.3203 2.3203 2.3203 2.3203 2.3203 2.3203 2.3203 2.3203 2.3203 2.3203 2.3203 2.3203 2.3203 2.3203 2.3203 2.3203 2.3203 2.3203 2.3203 2.3203 2.3203 2.3203 2.3203 2.3203 2.3203 2.3203 2.3203 2.3203 2.3203 2.3203 2.3203 2.3203 2.3203 2.3203 2.3203
2.3902 2.3902 2.3902 2.3902 2.3902 2.3902 2.3902 2.3902 2.3902 2.3902 2.3902 2.3902 2.3902 2.3902 2.3902 2.3902 2.3902 2.3902 2.3902 2.3902 2.3902 2.3902 2.3902 2.3902 2.3902 2.3902 2.3902 2.3902 2.3902 2.3902 2.3902 2.3902 2.3902 2.3902 2.3902 2.3902 2.3902 2.3902 2.3902 2.3902 2.3902 2.3902 2.3902 2.3902 2.3902 2.3902 2.3902 2.3902 2.3902 2.3902 2.3902 2.3902 2.3902 2.3902 2.3902 2.3902 2.3902 2.3902 2.3902 2.3902 2.3902 2.3902 2.3902 2.3902
2.4601 2.4601 2.4601 2.4601 2.4601 2.4601 2.4601 2.4601 2.4601 2.4601 2.4601 2.4601 2.4601 2.4601 2.4601 2.4601 2.4601 2.4601 2.4601 2.4601 2.4601 2.4601 2.4601 2.4601 2.4601 2.4601 2.4601 2.4601 2.4601 2.4601 2.4601 2.4601 2.4601 2.4601 2.4601 2.4601 2.4601 2.4601 2.4601 2.4601 2.4601 2.4601 2.4601 2.4601 2.4601 2.4601 2.4601 2.4601 2.4601 2.4601 2.4601 2.4601 2.4601 2.4601 2.4601 2.4601 2.4601 2.4601 2.4601 2.4601 2.4601 2.4601 2.4601 2.4601
2.5301 2.5301 2.5301 2.5301 2.5301 2.5301 2.5301 2.5301 2.5301 2.5301 2.5301 2.5301 2.5301 2.5301 2.5301 2.5301 2.5301 2.5301 2.5301 2.5301 2.5301 2.5301 2.5301 2.5301 2.5301 2.5301 2.5301 2.5301 2.5301 2.5301 2.5301 2.5301 2.5301 2.5301 2.5301 2.5301 2.5301 2.5301 2.5301 2.5301 2.5301 2.5301 2.5301 2.5301 2.5301 2.5301 2.5301 2.5301 2.5301 2.5301 2.5301 2.5301 2.5301 2.5301 2.5301 2.5301 2.5301 2.5301 2.5301 2.5301 2.5301 2.5301 2.5301 2.5301
2.6 2.6 2.6 2.6 2.6 2.6 2.6 2.6 2.6 2.6 2.6 2.6 2.6 2.6 2.6 2.6 2.6 2.6 2.6 2.6 2.6 2.6 2.6 2.6 2.6 2.6 2.6 2.6 2.6 2.6 2.6 2.6 2.6 2.6 2.6 2.6 2.6 2.6 2.6 2.6 2.6 2.6 2.6 2.6 2.6 2.6 2.6 2.6 2.6 2.6 2.6 2.6 2.6 2.6 2.6 2.6 2.6 2.6 2.6 2.6 2.6 2.6 2.6 2.6
2.5244 2.5307 2.5381 2.5237 2.5152 2.5038 2.5095 2.4943 2.4991 2.462 2.4985 2.4972 2.4896 2.4664 2.5075 2.4923 2.4876 2.5125 2.5115 2.4915 2.4526 2.4349 2.4656 2.4651 2.4476 2.4784 2.4999 2.475 2.2932 2.3109 2.3275 2.3439 2.3604 2.3769 2.3933 2.4098 2.4263 2.4427 2.4592 2.4757 2.4921 2.5086 2.5251 2.5415 2.558 2.4919 2.4183 2.415 2.4117 2.4084 2.4051 2.4018 2.3985 2.3952 2.3919 2.3886 2.3853 2.382 2.3786 2.3753 2.372 2.3687 2.2515 2.2515
2.5844 2.586 2.5577 2.5636 2.556 2.5625 2.5654 2.5342 2.5327 2.5325 2.5382 2.5495 2.5413 2.5452 2.5817 2.5808 2.5808 2.5646 2.5872 2.5411 2.5522 2.5455 2.5258 2.5721 2.531 2.5393 2.549 2.4681 2.5266 2.5596 2.3762 2.385 2.3939 2.4028 2.4117 2.4206 2.4321 2.4498 2.4664 2.4829 2.4994 2.5158 2.5323 2.5488 2.5652 2.5817 2.5982 2.6146 2.5594 2.5061 2.5028 2.4995 2.4962 2.4929 2.4896 2.4863 2.483 2.4797 2.4764 2.4731 2.4698 2.4664 2.4631 2.4598
2.6052 2.6175 2.607 2.6082 2.6162 2.6027 2.6012 2.6037 2.5983 2.6146 2.6297 2.6378 2.6157 2.6297 2.6398 2.6536 2.6343 2.6241 2.6002 2.6183 2.6011 2.6241 2.5846 2.5664 2.582 2.6019 2.6007 2.6013 2.5815 2.5862 2.6085 2.5018 2.4678 2.4767 2.4856 2.4945 2.5034 2.5122 2.5211 2.53 2.5389 2.5478 2.5566 2.5655 2.5744 2.5888 2.6054 2.6219 2.6383 2.6548 2.6713 2.6242 2.5939 2.5906 2.5873 2.584 2.5807 2.5774 2.5741 2.5708 2.5675 2.5642 2.5609 2.5575
2.6507 2.6623 2.6714 2.6582 2.6886 2.6772 2.6901 2.6866 2.6985 2.7038 2.7317 2.7375 2.7421 2.709 2.7133 2.7405 2.7208 2.6872 2.7215 2.6811 2.71 2.7024 2.6861 2.6947 2.6856 2.65 2.6303 2.6432 2.6297 2.6609 2.6878 2.669 2.6542 2.5662 2.5595 2.5684 2.5773 2.5862 2.595 2.6039 2.6128 2.6217 2.6306 2.6394 2.6483 2.6572 2.6661 2.675 2.6838 2.6927 2.7016 2.7105 2.7194 2.7283 2.6882 2.6817 2.6784 2.6751 2.6718 2.6685 2.6652 2.6619 2.6586 2.6553
2.7145 2.712 2.7007 2.7078 2.7106 2.7235 2.7475 2.7501 2.7492 2.7682 2.7561 2.7512 2.7336 2.7392 2.726 2.7357 2.7005 2.7079 2.7036 2.6957 2.7348 2.7127 2.7292 2.7106 2.7107 2.6717 2.693 2.6662 2.6869 2.6889 2.6382 2.656 2.6368 2.6333 2.6519 2.6543 2.6171 2.6225 2.6278 2.6331 2.6384 2.6438 2.6491 2.6544 2.6816 2.6992 2.7065 2.7049 2.7033 2.7018 2.7002 2.6986 2.6971 2.6955 2.6926 2.6901 2.7755 2.6935 2.6988 2.7042 2.7096 2.7149 2.7203 2.7257
2.7348 2.7125 2.7355 2.7368 2.7544 2.7556 2.749 2.7477 2.7542 2.7638 2.7412 2.7597 2.7339 2.7167 2.7201 2.7041 2.7241 2.7113 2.71 2.7215 2.7048 2.6926 2.7013 2.6907 2.7374 2.7491 2.6956 2.7644 2.7219 2.7454 2.6962 2.7143 2.7626 2.6809 2.7134 2.7071 2.733 2.5826 2.6529 2.6567 2.6605 2.6643 2.6681 2.6719 2.6757 2.6794 2.6832 2.687 2.6908 2.7022 2.695 2.6957 2.6964 2.7286 2.7417 2.7528 2.7078 2.7396 2.7409 2.7146 2.7183 2.7219 2.7255 2.7292
2.6733 2.7069 2.7159 2.7285 2.7325 2.7354 2.7437 2.7344 2.7323 2.7632 2.7595 2.7549 2.7498 2.7265 2.7226 2.7059 2.7046 2.7318 2.7178 2.7471 2.7339 2.7113 2.6915 2.7427 2.7079 2.7681 2.7571 2.7692 2.7498 2.7391 2.7388 2.7053 2.7128 2.7289 2.7178 2.7454 2.7184 2.701 2.742 2.6828 2.6772 2.6809 2.6847 2.6885 2.6941 2.7163 2.73 2.726 2.7268 2.7275 2.7282 2.7289 2.7854 2.7219 2.7037 2.7197 2.7234 2.754 2.7351 2.7094 2.7399 2.7032 2.7162 2.7207
2.6974 2.7064 2.7329 2.7412 2.734 2.7348 2.7085 2.7264 2.7383 2.7466 2.7263 2.7559 2.724 2.7316 2.7075 2.6925 2.6937 2.7139 2.7106 2.6907 2.6949 2.6913 2.7259 2.7378 2.7223 2.7019 2.717 2.7287 2.7013 2.75 2.7065 2.72 2.6985 2.6733 2.7557 2.655 2.7032 2.6856 2.7343 2.7378 2.756 2.7303 2.7524 2.7564 2.7571 2.7578 2.7585 2.7592 2.7599 2.7606 2.7618 2.7589 2.7356 2.746 2.7415 2.7325 2.7479 2.7608 2.7657 2.7632 2.7756 2.7736 2.7609 2.7664
2.7188 2.7115 2.7449 2.7311 2.7422 2.7381 2.7216 2.7372 2.7281 2.7356 2.7345 2.7228 2.7221 2.713 2.7119 2.6876 2.6905 2.6542 2.663 2.6959 2.6818 2.6997 2.6959 2.7266 2.7385 2.7599 2.7341 2.6988 2.7239 2.6944 2.7115 2.7086 2.6987 2.7179 2.7011 2.688 2.7232 2.6754 2.6321 2.644 2.7251 2.7198 2.7286 2.756 2.7657 2.7816 2.7836 2.7985 2.8135 2.8248 2.8246 2.8055 2.7787 2.7817 2.7557 2.7307 2.7374 2.7501 2.7806 2.7833 2.7587 2.7349 2.7223 2.7412
2.6961 2.7009 2.7128 2.6975 2.7107 2.7097 2.7136 2.7418 2.7169 2.7415 2.7299 2.729 2.7005 2.6984 2.6649 2.6579 2.6624 2.6728 2.6526 2.6925 2.6305 2.6584 2.709 2.7349 2.7088 2.7172 2.7212 2.7015 2.7286 2.7086 2.6728 2.7006 2.6813 2.5612 2.6192 2.7307 2.7559 2.8059 2.8148 2.7626 2.7823 2.744 2.745 2.7351 2.7384 2.7713 2.7982 2.7977 2.8022 2.797 2.7911 2.7897 2.7593 2.7818 2.7539 2.7793 2.7719 2.7828 2.7798 2.8026 2.7666 2.7855 2.7557 2.7666
2.684 2.6695 2.6898 2.6791 2.6916 2.7011 2.706 2.7297 2.7141 2.7166 2.7114 2.7051 2.7007 2.6935 2.6981 2.6894 2.7015 2.6895 2.6558 2.6617 2.6779 2.6681 2.6745 2.6782 2.6684 2.6912 2.6807 2.6445 2.6601 2.6155 2.6683 2.658 2.6877 2.6953 2.736 2.7168 2.7417 2.7336 2.7766 2.7562 2.7485 2.7087 2.7466 2.7675 2.7416 2.7318 2.7678 2.7866 2.7952 2.8027 2.8053 2.7814 2.772 2.7668 2.788 2.7988 2.7955 2.7704 2.7647 2.7747 2.7481 2.742 2.7493 2.7373
2.7073 2.6882 2.7077 2.6971 2.693 2.7267 2.7416 2.7098 2.7157 2.6864 2.7097 2.7023 2.7195 2.6964 2.6882 2.6921 2.6816 2.6622 2.6712 2.6912 2.6479 2.7026 2.6903 2.6508 2.7071 2.7172 2.7085 2.678 2.6743 2.6702 2.6597 2.6322 2.7171 2.6323 2.6974 2.7117 2.6872 2.7138 2.7306 2.7384 2.6996 2.6746 2.7128 2.7345 2.7433 2.7595 2.7815 2.809 2.7898 2.787 2.7827 2.7767 2.8362 2.8037 2.7765 2.7935 2.7745 2.7614 2.7473 2.7507 2.695 2.7374 2.7523 2.7704
2.6719 2.6836 2.6809 2.6921 2.711 2.6994 2.7031 2.6838 2.6806 2.6747 2.6934 2.6706 2.6828 2.67 2.6515 2.6431 2.661 2.6762 2.6633 2.6613 2.6678 2.6615 2.6683 2.6606 2.6654 2.6673 2.6535 2.6643 2.6682 2.682 2.6894 2.6823 2.6608 2.6718 2.6808 2.6498 2.6471 2.6023 2.6735 2.6375 2.6614 2.6346 2.666 2.7012 2.7339 2.7335 2.745 2.7588 2.7851 2.7659 2.7751 2.7455 2.7218 2.724 2.7204 2.7094 2.714 2.7287 2.7774 2.7486 2.75 2.733 2.7179 2.748
2.6719 2.6771 2.6668 2.65 2.6508 2.6568 2.6645 2.671 2.67 2.6567 2.6676 2.6871 2.6701 2.6483 2.6432 2.6425 2.6344 2.6463 2.6407 2.6506 2.6474 2.6499 2.6607 2.6517 2.6867 2.6606 2.6784 2.7011 2.6609 2.6136 2.6504 2.6038 2.6496 2.665 2.6825 2.6443 2.6651 2.6358 2.657 2.655 2.6519 2.6005 2.6289 2.648 2.7008 2.6874 2.7067 2.7194 2.7232 2.7438 2.7286 2.7515 2.7589 2.7499 2.7509 2.7198 2.7242 2.7491 2.7227 2.7129 2.7223 2.7084 2.6778 2.6911
2.654 2.6742 2.6485 2.6731 2.6624 2.6438 2.6701 2.6517 2.6633 2.6428 2.602 2.627 2.6376 2.6157 2.6286 2.6395 2.6364 2.6398 2.647 2.64 2.6413 2.6262 2.6363 2.6121 2.6377 2.6539 2.6496 2.6161 2.6247 2.6466 2.5851 2.6604 2.6282 2.5932 2.6312 2.602 2.6235 2.6207 2.5719 2.6586 2.6057 2.6432 2.6771 2.6805 2.6691 2.6833 2.6649 2.7001 2.672 2.6491 2.6982 2.7082 2.7385 2.708 2.7322 2.7341 2.729 2.7272 2.6854 2.6917 2.6765 2.665 2.6874 2.7003
2.664 2.6585 2.6243 2.6815 2.6575 2.65 2.6703 2.6559 2.6569 2.6417 2.6545 2.6225 2.6397 2.6139 2.6152 2.6377 2.6392 2.6239 2.6424 2.6309 2.6093 2.6244 2.6319 2.6232 2.6211 2.6133 2.6043 2.5922 2.6137 2.5832 2.5983 2.5927 2.6093 2.6278 2.5959 2.6054 2.6305 2.6581 2.6086 2.597 2.6636 2.6451 2.6482 2.6664 2.6626 2.6677 2.6605 2.6423 2.6617 2.6749 2.6604 2.6427 2.6805 2.7173 2.7192 2.7269 2.6902 2.6862 2.6943 2.6999 2.6883 2.6928 2.6754 2.6563
2.6418 2.6222 2.6214 2.6491 2.6103 2.6199 2.6272 2.6234 2.6281 2.6117 2.6235 2.6407 2.6274 2.5933 2.6032 2.6324 2.623 2.6221 2.6349 2.6442 2.6183 2.584 2.5892 2.5764 2.5757 2.5912 2.582 2.6376 2.6122 2.5571 2.579 2.6154 2.5841 2.6278 2.593 2.621 2.6304 2.6158 2.6695 2.6461 2.6529 2.6524 2.6251 2.6239 2.6296 2.6563 2.6675 2.6346 2.6215 2.6583 2.6334 2.6421 2.6366 2.6705 2.6779 2.6741 2.6626 2.655 2.644 2.6617 2.7051 2.6498 2.6625 2.6637
2.6281 2.6371 2.6302 2.6515 2.6569 2.6475 2.6304 2.6049 2.5984 2.6093 2.5966 2.6106 2.6306 2.62 2.6479 2.6222 2.6143 2.6196 2.6123 2.6171 2.5995 2.6208 2.5983 2.5911 2.6038 2.602 2.585 2.5792 2.5626 2.5857 2.569 2.5972 2.596 2.6124 2.5778 2.5363 2.6493 2.6187 2.6006 2.6319 2.5916 2.579 2.5853 2.5926 2.6213 2.5877 2.5778 2.6288 2.617 2.6408 2.6452 2.6218 2.6197 2.6633 2.6417 2.6483 2.639 2.636 2.6283 2.6531 2.6446 2.6438 2.637 2.6516
2.6055 2.6201 2.6501 2.6473 2.6616 2.612 2.5912 2.6246 2.6314 2.6416 2.659 2.6446 2.6249 2.6048 2.6128 2.6229 2.6388 2.5958 2.559 2.5606 2.5737 2.607 2.5838 2.6032 2.613 2.6227 2.5655 2.5974 2.5723 2.5639 2.5695 2.595 2.5885 2.6205 2.6053 2.6061 2.6346 2.6812 2.6351 2.6228 2.6008 2.6049 2.624 2.6158 2.6251 2.6183 2.6219 2.6222 2.638 2.6329 2.5907 2.6087 2.6112 2.6276 2.6525 2.6186 2.6553 2.631 2.6047 2.6249 2.6165 2.6269 2.6078 2.6169
2.6157 2.6241 2.6215 2.6416 2.5939 2.5995 2.6087 2.6439 2.6378 2.6331 2.6284 2.6282 2.6189 2.6366 2.5995 2.6189 2.6 2.6032 2.5781 2.5734 2.5676 2.567 2.5688 2.5955 2.5846 2.5616 2.5468 2.5444 2.5605 2.5646 2.5765 2.5656 2.6121 2.5797 2.5984 2.6027 2.6058 2.6409 2.6575 2.6478 2.6353 2.6181 2.6365 2.6316 2.6396 2.632 2.6099 2.621 2.6322 2.6092 2.6343 2.6329 2.626 2.6086 2.6153 2.6132 2.6164 2.6363 2.622 2.5959 2.607 2.6029 2.6118 2.6184
2.6131 2.6392 2.6477 2.6589 2.6561 2.6509 2.6576 2.6671 2.6208 2.6107 2.614 2.6091 2.6127 2.6025 2.6033 2.5911 2.5908 2.5856 2.5825 2.5978 2.5655 2.5548 2.5928 2.5611 2.5512 2.5331 2.5595 2.5048 2.5463 2.5704 2.5333 2.5465 2.5391 2.5619 2.5615 2.5634 2.5841 2.6098 2.5822 2.6149 2.6113 2.6194 2.6388 2.6015 2.6231 2.6092 2.6178 2.6066 2.6102 2.6453 2.6272 2.6093 2.6125 2.6233 2.6031 2.5969 2.6159 2.6106 2.613 2.6317 2.6368 2.6056 2.623 2.6443
2.6557 2.6626 2.6549 2.6704 2.6706 2.6674 2.669 2.6545 2.6542 2.6441 2.6452 2.6107 2.6289 2.6095 2.5964 2.5946 2.5759 2.5783 2.5869 2.5857 2.5791 2.5687 2.5675 2.5433 2.552 2.5425 2.547 2.5421 2.5381 2.5299 2.5662 2.5754 2.5758 2.5812 2.5992 2.5823 2.6037 2.6055 2.6148 2.6276 2.6103 2.5846 2.6092 2.5868 2.6077 2.6043 2.6228 2.6028 2.6147 2.614 2.6107 2.6028 2.5876 2.5988 2.6245 2.6382 2.6095 2.632 2.6112 2.6326 2.6297 2.6245 2.6428 2.6348
2.6874 2.6831 2.685 2.6838 2.692 2.6893 2.6724 2.6712 2.6643 2.653 2.6222 2.634 2.6303 2.6191 2.5976 2.5977 2.5957 2.5904 2.5734 2.5966 2.5823 2.5622 2.5694 2.5552 2.5464 2.5409 2.5559 2.5608 2.552 2.5529 2.5488 2.5487 2.5731 2.5914 2.6097 2.5893 2.6191 2.6228 2.62 2.6287 2.5778 2.6042 2.6262 2.5979 2.6138 2.6336 2.6181 2.6309 2.6414 2.6235 2.6274 2.5983 2.6401 2.6064 2.6089 2.6193 2.6515 2.6563 2.6344 2.6442 2.6629 2.6192 2.6288 2.6355
2.714 2.7151 2.7238 2.716 2.7108 2.7045 2.694 2.6802 2.6755 2.6539 2.6513 2.6364 2.6287 2.6278 2.6272 2.6125 2.5934 2.5939 2.5776 2.5815 2.5681 2.5556 2.5628 2.5612 2.5574 2.5521 2.5365 2.559 2.5496 2.5631 2.5593 2.5783 2.6083 2.6397 2.6457 2.6523 2.6417 2.6526 2.6161 2.6114 2.5855 2.6289 2.6151 2.606 2.6337 2.6391 2.6207 2.6428 2.6277 2.6386 2.6195 2.6337 2.6515 2.655 2.6427 2.6365 2.6514 2.6587 2.6705 2.6618 2.6646 2.6997 2.6751 2.6755
2.7525 2.7747 2.7649 2.7531 2.7487 2.7356 2.7151 2.7054 2.6889 2.6751 2.6423 2.6463 2.6246 2.6132 2.6257 2.614 2.6199 2.6024 2.5863 2.5829 2.5831 2.5799 2.5713 2.5678 2.569 2.5443 2.5558 2.5852 2.5767 2.5734 2.5834 2.5962 2.6528 2.684 2.6805 2.6724 2.6592 2.6593 2.6247 2.6344 2.6333 2.6266 2.64 2.6533 2.6506 2.6295 2.6349 2.6373 2.6586 2.6576 2.6569 2.688 2.6528 2.6874 2.6663 2.6729 2.6856 2.698 2.6953 2.6857 2.6844 2.6898 2.697 2.7035
2.8235 2.8298 2.8357 2.8137 2.7843 2.7527 2.7291 2.7175 2.6872 2.6708 2.6769 2.6618 2.6405 2.6284 2.6092 2.6009 2.6055 2.5863 2.5935 2.585 2.5716 2.5775 2.5712 2.5737 2.5856 2.5793 2.5811 2.5742 2.5915 2.5833 2.611 2.7227 2.8406 2.7744 2.7321 2.7164 2.7175 2.6632 2.6709 2.6831 2.6325 2.6537 2.6561 2.661 2.6822 2.6651 2.6639 2.6897 2.6977 2.6949 2.7233 2.6922 2.7109 2.7007 2.7166 2.7313 2.7311 2.7549 2.7616 2.7437 2.7543 2.7297 2.7458 2.7472
2.9491 2.9244 2.9059 2.8572 2.812 2.7755 2.747 2.7238 2.6935 2.6792 2.6764 2.6597 2.6481 2.646 2.6538 2.6297 2.6088 2.6014 2.5859 2.5876 2.5739 2.5774 2.5831 2.5575 2.5838 2.582 2.5855 2.5714 2.5843 2.7029 2.9543 3.2147 3.0586 2.8828 2.7815 2.7259 2.7068 2.6677 2.6657 2.6594 2.6662 2.6986 2.704 2.6795 2.7053 2.7394 2.6944 2.7102 2.7008 2.7155 2.7488 2.7585 2.741 2.7861 2.8048 2.8214 2.8792 2.8664 2.8406 2.7911 2.8002 2.8046 2.8014 2.8023
3.1343 3.0529 2.9725 2.8852 2.8242 2.781 2.7434 2.7116 2.6966 2.687 2.6896 2.6704 2.6605 2.6562 2.6425 2.6278 2.628 2.6117 2.6047 2.601 2.5858 2.5735 2.5762 2.5889 2.565 2.5876 2.5963 2.5946 2.6496 3.0672 3.4682 3.2274 2.8871 2.8073 2.7414 2.7057 2.7001 2.6659 2.6586 2.6344 2.6347 2.6793 2.674 2.666 2.704 2.7374 2.7461 2.7568 2.7475 2.7757 2.7564 2.8198 2.8158 2.8986 3.0043 3.0965 3.0964 2.9636 2.8486 2.81 2.818 2.8249 2.8154 2.8419
3.3883 3.2599 3.0018 2.8669 2.8036 2.7588 2.7289 2.7075 2.7063 2.6975 2.6867 2.6907 2.6728 2.6618 2.653 2.6332 2.6317 2.6172 2.6035 2.596 2.5825 2.5787 2.5939 2.5871 2.5923 2.6163 2.6389 2.7108 2.8788 3.2043 3.3077 3.0098 2.8202 2.7801 2.7274 2.7127 2.673 2.6932 2.6436 2.6508 2.6356 2.6237 2.6534 2.7125 2.7554 2.7738 2.8012 2.7996 2.801 2.7989 2.8332 2.8436 2.8937 2.9468 3.0161 3.0329 2.9417 2.863 2.8477 2.8402 2.8243 2.8577 2.85 2.9127
3.403 3.1798 2.954 2.8115 2.7697 2.7247 2.7126 2.7166 2.7135 2.7134 2.7178 2.7034 2.6956 2.6954 2.6672 2.6596 2.6552 2.6359 2.619 2.6059 2.6008 2.5985 2.6062 2.6136 2.6388 2.6671 2.7937 2.9529 2.9692 2.972 2.938 2.8122 2.7621 2.7607 2.7364 2.728 2.6957 2.6814 2.6615 2.6281 2.6307 2.6799 2.7736 2.8271 2.9005 2.8469 2.8959 2.8631 2.8292 2.8349 2.8507 2.8565 2.8584 2.8829 2.8952 2.8812 2.8837 2.8689 2.8421 2.8554 2.8615 2.8736 2.9402 2.9907
3.2296 3.0346 2.8352 2.7581 2.7364 2.7153 2.7148 2.7218 2.7367 2.744 2.7337 2.7326 2.7305 2.7146 2.6914 2.6685 2.659 2.6765 2.6464 2.6272 2.6007 2.6068 2.6063 2.64 2.6985 2.7942 2.9555 2.9611 2.8932 2.8292 2.7798 2.7634 2.7465 2.727 2.7258 2.745 2.723 2.7056 2.693 2.6934 2.7085 2.963 3.0813 3.0846 3.0362 2.9686 2.9641 2.9029 2.8281 2.8576 2.8296 2.8283 2.8389 2.8368 2.8534 2.8469 2.8724 2.8915 2.88 2.871 2.9045 2.9466 3.0295 3.1553
3.0339 2.8833 2.7838 2.7509 2.7244 2.7333 2.7669 2.7689 2.7766 2.7888 2.8027 2.7679 2.7498 2.7086 2.6877 2.6593 2.6491 2.6243 2.614 2.5973 2.5999 2.6176 2.6662 2.7044 2.8077 2.9171 2.9321 2.9335 2.8896 2.8276 2.7796 2.7729 2.7785 2.7933 2.8066 2.7731 2.7906 2.7585 2.7255 2.7585 2.8884 3.2661 3.4624 3.3657 3.2171 3.2988 3.0162 2.8838 2.8606 2.818 2.8115 2.7993 2.8244 2.8356 2.8535 2.8587 2.8785 2.9125 2.9206 2.8971 2.9219 3.0336 3.2683 3.4292
2.9153 2.8111 2.7839 2.7586 2.7873 2.8636 2.9041 2.9445 2.9561 2.9003 2.8721 2.8267 2.7604 2.7172 2.6696 2.6677 2.6314 2.6266 2.6025 2.6093 2.6289 2.6785 2.7545 2.855 2.9212 2.9425 2.9704 2.9382 2.8945 2.8518 2.8411 2.8521 2.8285 2.8444 2.8378 2.8327 2.832 2.809 2.8488 2.8972 3.0758 3.2175 3.6901 3.6895 3.4244 3.2413 2.9217 2.8865 2.8123 2.7944 2.8101 2.797 2.8219 2.8352 2.8391 2.8637 2.8916 2.9184 2.9817 2.968 3.0744 3.3236 3.564 3.595
2.8978 2.8568 2.8239 2.8911 2.9785 3.0491 3.2199 3.3289 3.2506 3.0901 2.9763 2.8415 2.7718 2.7014 2.6766 2.657 2.6262 2.63 2.6542 2.6708 2.7119 2.7934 2.8486 2.9069 2.9836 3.0348 3.0517 3.0045 2.9646 2.9506 2.9727 2.9273 2.9533 2.9905 2.9568 2.8975 2.9447 2.9042 3.0215 3.0129 3.0626 3.131 3.2603 3.5094 3.3439 2.8743 2.8347 2.7997 2.7965 2.7766 2.7957 2.8162 2.8282 2.8305 2.8585 2.8392 2.886 2.9353 3.0227 3.0395 3.2205 3.4441 3.7015 3.7915
2.9109 2.8952 2.9697 3.1743 3.1181 3.247 3.5977 3.7602 3.6674 3.4379 2.9719 2.8189 2.7319 2.6867 2.6627 2.6529 2.6437 2.6531 2.6911 2.7088 2.8207 2.8894 2.9631 3.0448 3.3436 3.3069 3.205 3.077 3.0573 3.099 3.1065 3.1601 3.2445 3.2136 3.0745 2.9711 2.9275 2.9362 2.9994 3.013 3.0078 3.0273 3.0727 3.1358 2.9689 2.8531 2.7719 2.7582 2.7721 2.7556 2.7818 2.7956 2.8444 2.8464 2.8615 2.9117 2.9196 3.0089 3.1084 3.1569 3.4022 3.6305 3.8307 3.9448
2.9226 2.9175 2.9268 3.047 3.1298 3.1804 3.6033 3.8679 3.8066 3.3768 2.9065 2.7667 2.7152 2.6765 2.6614 2.677 2.6889 2.7369 2.7824 2.843 2.9435 3.0599 3.1094 3.4035 3.6434 3.5509 3.2231 3.1224 3.1817 3.219 3.213 3.3744 3.5525 3.2321 2.9992 2.8941 2.8703 2.878 2.9129 2.9791 3.0034 3.0318 3.0115 2.9426 2.7881 2.7363 2.7286 2.734 2.7371 2.7585 2.7617 2.8128 2.8586 2.9031 2.9061 2.92 2.9604 3.1489 3.2274 3.2991 3.5698 3.657 3.716 3.6669
2.8612 2.8153 2.8172 2.9872 3.0796 3.1211 3.2896 3.3336 3.321 3.0851 2.8134 2.7296 2.6823 2.7059 2.7257 2.7246 2.7389 2.7837 2.8352 2.904 3.0735 3.2877 3.2688 3.2073 3.559 3.317 3.1435 3.1832 3.2063 3.1746 3.0703 3.0999 3.1422 2.9931 2.8514 2.7717 2.7742 2.8145 2.8806 2.9294 2.9768 3.0391 2.9047 2.8393 2.7241 2.7285 2.7047 2.702 2.7265 2.757 2.7825 2.8542 2.9085 2.9483 2.9693 2.9165 2.9607 3.3077 3.3584 3.3031 3.4269 3.4997 3.4199 3.3355
2.7553 2.6832 2.7824 2.9449 3.0697 3.0661 3.0481 3.0207 3.0608 2.9679 2.762 2.7168 2.7225 2.8567 2.7988 2.7668 2.7795 2.8249 2.8877 2.947 3.0227 3.3152 3.3619 3.1169 3.1729 3.1155 3.1254 3.2331 3.1608 2.9848 2.8986 2.8731 2.7661 2.7143 2.6916 2.6946 2.7311 2.7784 2.8434 2.9502 3.0364 3.0151 2.8604 2.7612 2.7328 2.703 2.7072 2.734 2.765 2.7805 2.8108 3.052 3.1318 3.0992 2.9915 2.8635 2.8881 3.2174 3.1772 3.1531 3.2136 3.0974 3.0598 3.062
2.6114 2.6609 2.7806 2.941 2.9633 2.981 2.9748 3.0095 2.95 2.8472 2.7391 2.7306 2.7489 2.7707 2.7451 2.7469 2.7915 2.8425 2.8779 2.8886 2.9346 3.1428 3.0924 3.0236 3.0266 2.9535 2.8389 2.7686 2.7301 2.6969 2.6538 2.6348 2.6082 2.6299 2.6173 2.6817 2.7143 2.7827 2.8504 2.9087 2.8936 2.8293 2.8235 2.7399 2.6933 2.7176 2.7485 2.7354 2.7636 2.803 2.8659 3.0766 3.3631 3.1307 2.9161 2.7712 2.7616 2.8508 2.8397 2.8375 2.8509 2.6992 2.6917 2.6759
2.5951 2.6466 2.7788 2.8996 2.9188 2.918 3.0003 3.0684 2.9972 2.7856 2.6825 2.6433 2.6844 2.7214 2.7088 2.7263 2.7775 2.7753 2.7894 2.8282 2.8785 2.9012 2.8943 2.8489 2.7649 2.6658 2.6053 2.59 2.5844 2.554 2.5438 2.5666 2.5881 2.6042 2.6557 2.6834 2.8066 2.8231 2.839 2.8549 2.8209 2.7626 2.7306 2.7246 2.7004 2.716 2.7433 2.7547 2.7747 2.8201 2.8122 2.9441 3.1392 2.9835 2.8484 2.7408 2.7134 2.6799 2.6463 2.6755 2.6073 2.5393 2.4701 2.4784
2.6027 2.6805 2.7582 2.8033 2.8194 2.9018 2.9069 3.2129 2.9101 2.719 2.583 2.5873 2.6324 2.6389 2.6672 2.6769 2.6664 2.6973 2.7185 2.751 2.7542 2.7289 2.6786 2.6077 2.5641 2.5505 2.5394 2.5128 2.5083 2.5244 2.5353 2.5665 2.6345 2.7221 2.7447 2.7496 2.7672 2.8513 2.8497 2.8162 2.7964 2.7457 2.7113 2.7209 2.7285 2.723 2.709 2.6947 2.7145 2.7084 2.7142 2.7615 2.8836 2.8 2.6948 2.6676 2.6138 2.5934 2.5704 2.5245 2.5005 2.4434 2.4157 2.396
2.5792 2.6316 2.6331 2.657 2.6934 2.7404 2.7397 2.7555 2.6234 2.5421 2.5288 2.5528 2.5835 2.5949 2.6124 2.6166 2.6793 2.643 2.6598 2.6397 2.6094 2.5636 2.5439 2.5153 2.5006 2.4889 2.4965 2.5076 2.5045 2.5417 2.5667 2.6212 2.6871 2.7198 2.7322 2.8037 2.798 2.8155 2.808 2.8085 2.7803 2.79 2.7379 2.7238 2.7185 2.7029 2.6617 2.6487 2.6449 2.6354 2.641 2.6222 2.6194 2.6366 2.6312 2.6119 2.5814 2.5398 2.5086 2.4555 2.4383 2.4528 2.4181 2.3807
2.5264 2.541 2.5382 2.5124 2.557 2.5927 2.5799 2.5305 2.4667 2.4809 2.4932 2.505 2.4988 2.5094 2.5279 2.528 2.551 2.5689 2.5344 2.5186 2.5136 2.5009 2.5154 2.4867 2.5014 2.514 2.5254 2.5376 2.5866 2.6664 2.67 2.7202 2.769 2.8332 2.7938 2.8552 2.8607 2.8999 2.8037 2.8609 2.8343 2.8143 2.8031 2.828 2.7005 2.674 2.6914 2.7012 2.6244 2.6243 2.6101 2.5892 2.5774 2.5854 2.5638 2.5661 2.551 2.524 2.4977 2.4829 2.484 2.5413 2.4678 2.4769
2.4748 2.4777 2.4717 2.501 2.5507 2.5261 2.4997 2.465 2.4289 2.4125 2.4351 2.4392 2.4534 2.4847 2.4812 2.4938 2.5096 2.4994 2.5042 2.5048 2.5145 2.5175 2.5186 2.5413 2.5438 2.5635 2.5739 2.6454 2.7186 2.7739 2.8222 2.8267 2.8879 2.9106 2.8818 2.9077 2.889 2.9052 2.9105 2.8922 2.8842 2.8879 2.8532 2.8074 2.7549 2.7351 2.7245 2.6817 2.6975 2.6596 2.5942 2.5747 2.5862 2.5875 2.5801 2.5831 2.558 2.563 2.6029 2.6296 2.5861 2.5699 2.6687 2.6026
2.4075 2.4318 2.4593 2.4983 2.486 2.4756 2.4442 2.4325 2.4014 2.4243 2.4389 2.4597 2.4652 2.4712 2.4841 2.4779 2.5124 2.5375 2.5548 2.5435 2.5516 2.583 2.6272 2.6289 2.6641 2.6832 2.6976 2.7809 2.9637 3.0801 3.0568 3.0371 3.0408 3.0167 3.0598 3.0703 3.0329 3.0976 3.0568 3.0336 2.9958 3.0359 2.9828 2.922 2.9108 2.8908 2.8839 2.8709 2.78 2.7264 2.7218 2.668 2.7022 2.6859 2.6248 2.6328 2.6224 2.6684 2.7299 2.8077 2.7662 2.6986 2.7237 2.7128
2.3786 2.4312 2.4718 2.4659 2.4709 2.4367 2.4486 2.4389 2.4723 2.474 2.4867 2.5174 2.5255 2.548 2.5583 2.5661 2.5956 2.6187 2.6146 2.6332 2.6527 2.6986 2.708 2.7262 2.7337 2.7898 2.8465 3.1029 3.2083 3.2568 3.2074 3.2142 3.2419 3.3036 3.2417 3.3349 3.2974 3.3376 3.2407 3.1682 3.1208 3.0852 3.0941 3.0583 2.9768 2.9849 3.0546 2.9455 2.8724 2.8026 2.8249 2.8703 2.905 3.0685 2.8847 2.8501 2.7939 2.8817 2.9474 2.9847 2.9206 2.8327 2.9129 2.8031
2.4291 2.4593 2.4563 2.4676 2.4795 2.4744 2.4913 2.5197 2.5536 2.5756 2.6084 2.6373 2.685 2.6905 2.6858 2.7168 2.7532 2.7746 2.8 2.7971 2.8041 2.8276 2.8353 2.8494 2.8886 2.9977 3.1018 3.278 3.5079 3.5438 3.4548 3.4593 3.5738 3.5125 3.45 3.43 3.3467 3.4573 3.2872 3.2383 3.1777 3.1865 3.1464 3.1051 3.0326 3.0611 2.9856 2.9507 2.9114 2.8991 2.8774 2.9476 3.1693 3.2209 3.1775 3.233 3.0451 3.1893 3.2158 3.1529 3.1222 3.0254 2.9513 2.9783
2.4584 2.4893 2.501 2.526 2.5639 2.595 2.629 2.6673 2.7048 2.7407 2.7814 2.8343 2.88 2.8441 2.9874 3.0379 3.0372 3.0634 3.0497 2.9972 2.9973 3.0007 3.0249 3.0702 3.106 3.2221 3.2344 3.3534 3.5724 3.6461 3.615 3.5616 3.6515 3.53 3.4023 3.4357 3.3822 3.338 3.3522 3.3361 3.2558 3.2243 3.1527 3.1769 3.1229 3.1045 3.0738 3.1155 3.0793 3.0692 3.0435 3.0354 3.1407 3.2508 3.2593 3.1528 3.1736 3.3243 3.2892 3.2028 3.1811 3.2156 3.1764 3.126
2.5789 2.6415 2.6746 2.7137 2.7691 2.7814 2.8343 2.8428 2.8839 2.925 3.0001 3.0929 3.1179 3.2635 3.3818 3.4279 3.4938 3.421 3.3283 3.3228 3.3076 3.3562 3.4655 3.3782 3.3958 3.4829 3.4903 3.5954 3.6755 3.6628 3.6106 3.5488 3.5146 3.4826 3.4821 3.4403 3.4655 3.4331 3.4484 3.4004 3.3676 3.3967 3.4265 3.4411 3.3827 3.3394 3.3477 3.4505 3.4116 3.3062 3.2529 3.2826 3.2838 3.3156 3.4005 3.3809 3.3229 3.332 3.3001 3.3666 3.4712 3.5017 3.4383 3.4604
2.8572 2.8879 2.9491 2.9758 3.0245 3.008 3.0454 3.0749 3.1337 3.2334 3.2834 3.4326 3.5215 3.8367 3.8388 3.7905 3.7179 3.6742 3.7696 3.7912 3.7136 3.8375 3.7886 3.7089 3.7735 3.7038 3.7601 3.8273 3.7693 3.6874 3.6402 3.6631 3.727 3.6214 3.6188 3.6831 3.6297 3.6353 3.6009 3.604 3.5327 3.5502 3.5768 3.7354 3.7154 3.7498 3.7942 3.7586 3.7367 3.6847 3.742 3.6992 3.582 3.6023 3.6031 3.6066 3.6085 3.4895 3.6001 3.8172 3.8401 3.853 3.8136 3.8058
3.2508 3.2677 3.3244 3.3164 3.3168 3.5043 3.6015 3.6214 3.7291 3.7854 3.8336 3.8368 3.9512 4.1864 4.1727 4.108 4.0003 3.9925 4.1192 4.1152 4.0996 4.1314 4.081 4.1053 4.083 4.097 4.0991 4.1064 3.9587 3.9811 4.037 4.1477 4.0105 3.9565 3.9865 3.9984 3.9431 3.9631 3.9753 3.8066 3.6889 3.8059 3.8746 4.0729 4.0595 4.1347 4.1856 4.1536 4.1319 4.2306 4.2122 4.0448 3.9463 4.0473 3.9586 3.8625 3.8957 3.8899 4.0828 4.2489 4.2568 4.1669 4.1707 4.2122
3.9344 3.875 3.871 3.811 3.8682 3.9882 4.0754 4.0981 4.128 4.1168 4.1417 4.1913 4.2663 4.4033 4.5423 4.485 4.3415 4.2578 4.4225 4.4332 4.4397 4.4866 4.464 4.4503 4.4073 4.4062 4.3472 4.3386 4.3425 4.345 4.436 4.4188 4.2842 4.2288 4.2593 4.2849 4.2385 4.293 4.2619 4.0407 4.0413 4.2422 4.2149 4.3553 4.3601 4.3816 4.419 4.4238 4.4694 4.6488 4.5766 4.3887 4.4105 4.4385 4.2897 4.1639 4.252 4.2125 4.5071 4.6498 4.6701 4.5287 4.5229 4.4665
4.1956 4.2601 4.1465 4.0744 3.9796 4.0047 3.9758 4.0399 4.0691 4.2316 4.2583 4.2741 4.3427 4.3405 4.3948 4.5593 4.5595 4.5199 4.4073 4.5691 4.5262 4.5885 4.5878 4.6779 4.5987 4.4993 4.5304 4.5157 4.5604 4.5177 4.5099 4.5396 4.401 4.3587 4.3467 4.4065 4.4303 4.4654 4.5253 4.3603 4.3787 4.4021 4.4523 4.471 4.4815 4.5058 4.5853 4.5987 4.6853 4.7681 4.8509 4.7576 4.7072 4.6238 4.6181 4.5902 4.5025 4.4522 4.6134 4.7349 4.761 4.6895 4.6925 4.7073
4.2072 4.1995 4.1548 4.0085 3.8156 3.7847 3.7706 3.8105 3.9277 3.934 4.0469 4.0559 4.0303 4.0149 4.1895 4.3189 4.4625 4.4587 4.3429 4.3124 4.3593 4.4521 4.5785 4.6344 4.6993 4.6645 4.5819 4.5451 4.4373 4.4215 4.4281 4.5303 4.4782 4.3305 4.3513 4.3427 4.4061 4.4455 4.4871 4.5016 4.4174 4.323 4.3974 4.4397 4.4976 4.4337 4.4519 4.3323 4.3351 4.4526 4.6985 4.8327 4.774 4.6055 4.5269 4.4395 4.4964 4.603 4.6013 4.6094 4.6265 4.6035 4.6436 4.7967
3.9957 3.8325 3.7973 3.6406 3.5224 3.4803 3.5436 3.6496 3.7134 3.6665 3.6118 3.5989 3.5913 3.729 3.8261 3.9132 4.0503 3.9922 3.984 3.9984 4.0901 4.1245 4.1751 4.36 4.4431 4.3953 4.3558 4.1827 4.1612 4.1575 4.1676 4.2405 4.1436 4.1432 4.1102 4.1199 4.1615 4.1612 4.0461 3.9923 3.9637 3.9402 4.0395 4.1897 4.1433 4.0757 4.0396 4.0273 4.1177 4.2715 4.4691 4.7444 4.6184 4.4008 4.1584 4.0716 4.0607 4.0656 4.0796 4.1849 4.2083 4.3482 4.482 4.524
3.6795 3.5141 3.362 3.2588 3.2063 3.2497 3.3435 3.3697 3.4052 3.3532 3.3114 3.312 3.3709 3.4585 3.5024 3.614 3.6201 3.6582 3.7576 3.7574 3.8109 3.801 3.8721 3.9975 4.0051 3.9135 3.8886 3.8068 3.7788 3.8279 3.8465 3.8124 3.7992 3.8956 3.8759 3.9188 3.7989 3.8322 3.7679 3.736 3.6824 3.6769 3.7216 3.7286 3.793 3.7881 3.7816 3.8199 3.8737 3.9573 4.012 4.1706 4.0502 3.8822 3.8213 3.7807 3.7793 3.8299 3.7632 3.8514 3.9574 4.0527 4.0637 4.0343
3.2264 3.1791 3.0838 3.0331 3.0159 3.1322 3.1604 3.1446 3.1678 3.1599 3.1634 3.1484 3.2887 3.2186 3.2173 3.2351 3.2507 3.3784 3.3243 3.4224 3.426 3.5187 3.4868 3.6081 3.643 3.7057 3.6984 3.6034 3.6264 3.5918 3.5731 3.5731 3.6118 3.5856 3.5162 3.5051 3.5254 3.4822 3.5063 3.4248 3.4779 3.5727 3.5285 3.5276 3.5395 3.4885 3.6009 3.5879 3.6364 3.6952 3.6108 3.5479 3.5264 3.5305 3.5339 3.4932 3.4836 3.5237 3.6024 3.6292 3.6455 3.6757 3.7148 3.6287
2.8997 2.9125 2.849 2.9579 3.0017 2.9443 3.0264 2.9916 3.0184 2.9828 3.0544 3.0853 3.0544 2.9649 2.8848 2.8719 2.8284 2.8175 2.8476 2.8966 2.8372 2.8779 2.8433 3.0394 3.0665 3.1695 3.2272 3.1431 3.2281 3.2451 3.1332 3.0817 3.1709 3.0615 3.0308 3.1322 3.1759 3.1868 3.1808 3.1332 3.1594 3.1939 3.1916 3.1771 3.1473 3.1905 3.1905 3.228 3.166 3.1388 3.1096 3.121 3.0844 3.1163 3.2334 3.3065 3.2889 3.2508 3.2698 3.2497 3.1923 3.2296 3.2059 3.1956
2.4565 2.4792 2.5264 2.5618 2.6644 2.6203 2.6454 2.6499 2.7252 2.7621 2.7976 2.917 2.7989 2.6077 2.4726 2.3757 2.4025 2.3249 2.3493 2.3251 2.329 2.3292 2.3727 2.4109 2.6052 2.6255 2.5926 2.5339 2.5949 2.5822 2.4904 2.5591 2.5531 2.5461 2.5665 2.6862 2.6973 2.6338 2.7196 2.8217 2.8177 2.7212 2.689 2.6271 2.6633 2.615 2.7301 2.7149 2.6395 2.5436 2.5258 2.5268 2.5557 2.6238 2.9017 2.9805 3.0241 3.0032 2.9447 2.8777 2.7624 2.7801 2.7493 2.6703
2.2533 2.2466 2.2902 2.3745 2.4352 2.3372 2.3858 2.3965 2.4796 2.5626 2.6472 2.6919 2.5086 2.309 2.2054 2.151 2.1177 2.138 2.1072 2.0477 2.0635 2.1406 2.1807 2.1888 2.205 2.2569 2.2752 2.2322 2.2783 2.2124 2.2035 2.2363 2.3355 2.3138 2.2709 2.2312 2.2154 2.3198 2.3711 2.4383 2.353 2.3609 2.3298 2.2726 2.3178 2.2809 2.269 2.225 2.2598 2.2387 2.1749 2.2433 2.2718 2.3894 2.4828 2.5828 2.4147 2.3662 2.4268 2.4781 2.4477 2.4467 2.386 2.3557
2.1525 2.1267 2.1752 2.1992 2.238 2.1964 2.2682 2.2803 2.3486 2.3877 2.5016 2.4336 2.2443 2.1149 2.0418 1.9838 2.0087 1.9882 1.9408 1.9264 1.9575 2.0781 2.0378 1.9975 1.9738 1.9974 2.0458 2.0935 2.0315 2.0441 2.1329 2.1518 2.1021 2.0653 2.009 1.9779 1.9942 2.0505 2.0767 2.1348 2.177 2.1004 2.0681 2.0483 2.0453 2.0395 2.0177 2.0184 2.0176 2.0204 2.0045 2.0211 2.0251 2.112 2.1582 2.0854 2.0375 2.0868 2.2541 2.1733 2.1522 2.2237 2.1777 2.1764
2.0899 2.0789 2.0669 2.0657 2.0752 2.115 2.1658 2.18 2.1785 2.1605 2.2401 2.1484 2.0741 1.9655 1.8938 1.9245 1.9791 1.9085 1.8614 1.8715 1.8857 1.9629 1.9395 1.9178 1.9117 1.862 1.8805 1.8846 1.8859 1.9189 1.9772 2.0699 1.9526 1.9165 1.881 1.8761 1.8772 1.9036 1.9344 2.0018 1.9853 1.9428 1.9171 1.9388 1.9273 1.9139 1.9037 1.9065 1.895 1.8843 1.889 1.8782 1.8783 1.8701 1.9098 1.8865 1.9039 1.9266 1.9436 1.9621 2.0072 2.0714 2.0644 2.1118
2.0755 2.0563 2.0142 2.0318 2.0063 2.0115 2.0498 2.11 2.1142 2.0251 2.0094 1.9601 1.9032 1.8694 1.8377 1.8179 1.8351 1.8455 1.7945 1.7915 1.8316 1.877 1.8998 1.8493 1.8581 1.8009 1.79 1.7671 1.7808 1.792 1.8057 1.8242 1.8084 1.8356 1.8421 1.8876 1.9049 1.8926 1.9414 1.9456 1.906 1.8879 1.8767 1.8673 1.8539 1.8366 1.8185 1.807 1.8179 1.804 1.8025 1.8123 1.8016 1.8039 1.8416 1.897 1.8867 1.8873 1.8788 1.9043 1.9469 1.9333 1.9793 2.0285
2.0446 2.0461 1.9932 2.0345 1.9784 2.0152 1.9945 1.967 1.9506 1.928 1.918 1.9019 1.8983 1.8783 1.8842 1.8895 1.9018 1.8576 1.8017 1.7857 1.7922 1.7703 1.7871 1.7545 1.7069 1.7098 1.7113 1.7154 1.7207 1.7404 1.7417 1.7627 1.7826 1.816 1.9141 2.0058 1.9545 1.9231 1.9219 1.9051 1.9411 1.9111 1.8691 1.8377 1.8353 1.8072 1.7868 1.7838 1.7798 1.7805 1.7819 1.7927 1.7802 1.7881 1.8591 1.9622 2.0334 1.8932 1.8984 1.9098 1.9291 1.9574 1.9667 1.9633
2.021 2.0115 2.0015 1.9952 1.9719 1.9537 1.9601 1.9558 1.9761 1.9594 1.9221 1.88 1.8835 1.8981 1.9073 1.8861 1.8734 1.8181 1.775 1.7808 1.7571 1.7371 1.7717 1.7372 1.6849 1.6738 1.7079 1.6922 1.7042 1.7246 1.7634 1.7732 1.8107 1.8605 2.0698 2.1323 2.0406 1.997 1.8893 1.8741 1.9056 1.8707 1.8669 1.8914 1.8544 1.8114 1.7834 1.7724 1.7785 1.7746 1.7767 1.7761 1.7936 1.8158 2.0077 2.0495 1.9595 1.9061 1.9179 2.0011 2.0267 2.024 2.0444 2.0063
2.0944 2.0093 1.9827 1.9746 1.956 1.9573 1.9943 2.0113 1.9785 1.9809 1.9018 1.8572 1.8298 1.8465 1.9878 2.0541 1.9731 1.8481 1.7555 1.7261 1.7137 1.7055 1.6985 1.6831 1.6738 1.6843 1.7004 1.6836 1.7146 1.7732 1.7906 1.8158 1.8799 1.9004 2.0304 2.1076 1.9902 1.917 1.8606 1.8383 1.8541 1.8944 2.0031 1.9654 1.879 1.8163 1.7748 1.7666 1.7545 1.7771 1.7746 1.7875 1.814 1.8987 2.0611 2.0187 1.9653 1.9778 2.1698 2.1284 2.2231 2.2718 2.2458 2.0877
2.0687 2.0301 2.0158 1.9717 1.9738 1.9651 1.9647 1.9587 1.9821 1.9601 1.8447 1.8331 1.814 1.9098 2.0157 2.1323 2.0217 1.8095 1.7118 1.6831 1.6806 1.6675 1.7583 1.7095 1.6766 1.6721 1.6887 1.7088 1.7572 1.8938 1.8716 1.8147 1.8448 1.8373 1.8605 1.8707 1.8782 1.8537 1.861 1.8544 1.8595 1.9019 1.9439 1.9397 1.8382 1.7758 1.7769 1.7785 1.7833 1.7882 1.8141 1.836 1.8491 1.8999 1.9597 2.0631 2.0615 2.1936 2.4146 2.3824 2.4789 2.4802 2.2974 2.1448
2.161 2.1003 2.0092 1.9756 1.9627 1.9618 1.9673 1.9478 1.9729 1.9641 1.8758 1.8337 1.7927 1.8292 1.849 1.9453 1.8637 1.7237 1.6646 1.66 1.6618 1.6839 1.7681 1.7049 1.6826 1.7018 1.7057 1.778 1.7973 1.8638 1.8348 1.8028 1.7813 1.7834 1.7697 1.7982 1.8248 1.8836 1.958 1.8982 1.8622 1.8437 1.849 1.8189 1.7998 1.7864 1.7907 1.8049 1.7961 1.8381 1.9471 1.9057 1.9629 2.0551 2.2279 2.3004 2.4051 2.542 2.6632 2.5758 2.6276 2.527 2.324 2.1795
2.1877 2.0972 1.9809 1.9645 1.9637 1.9514 1.9641 1.9486 1.934 1.9497 1.851 1.8072 1.7628 1.7642 1.7329 1.7426 1.7224 1.6644 1.6608 1.6521 1.6529 1.6827 1.7004 1.7054 1.7035 1.7093 1.7322 1.8476 1.8728 1.7934 1.7681 1.7634 1.767 1.7693 1.7766 1.7922 1.8135 1.9383 2.0118 1.9214 1.86 1.8158 1.815 1.8071 1.7983 1.8076 1.8385 1.8474 1.8432 1.8772 1.9813 2.0389 2.1676 2.2944 2.4467 2.6183 2.7842 2.8707 2.7712 2.7217 2.6078 2.4637 2.3178 2.1806
2.0304 1.9793 1.9192 1.9179 1.935 1.9392 1.9292 1.9374 1.926 1.9201 1.8366 1.7753 1.788 1.7507 1.7116 1.6729 1.66 1.6565 1.6601 1.6648 1.6865 1.6898 1.6828 1.723 1.7236 1.7185 1.7394 1.7507 1.7893 1.7983 1.8165 1.8143 1.7865 1.8013 1.8275 1.8921 1.9427 1.878 1.8955 1.868 1.8373 1.8291 1.8277 1.8189 1.8368 1.8434 1.9095 1.8823 1.8979 1.9509 2.0637 2.2553 2.3408 2.4844 2.7385 2.8753 3.0566 3.0939 2.9596 2.8477 2.5968 2.4439 2.3217 2.1782
2.0776 1.9396 1.9095 1.8572 1.8061 1.8036 1.82 1.8344 1.8648 1.8694 1.8399 1.7694 1.7686 1.7396 1.7044 1.6692 1.6679 1.6647 1.6617 1.6785 1.6805 1.7085 1.7041 1.7306 1.7388 1.7404 1.7348 1.7748 1.7665 1.8207 1.8974 1.8529 1.8134 1.8261 1.872 2.0521 2.1342 1.9505 1.8789 1.848 1.8321 1.8369 1.8548 1.8625 1.8609 1.864 1.8849 1.9361 1.9644 2.0467 2.2125 2.5043 2.6284 2.5739 2.6381 2.6518 2.768 2.927 2.9832 2.7237 2.5164 2.4186 2.2855 2.1875
2.1407 1.9702 1.8649 1.8059 1.7853 1.8039 1.7839 1.8491 2.0801 1.9245 1.8127 1.7598 1.7408 1.7066 1.6865 1.6701 1.6756 1.6877 1.6766 1.7045 1.6972 1.7247 1.7267 1.7564 1.7512 1.762 1.7719 1.7612 1.8039 1.8955 1.9054 1.8852 1.8921 1.8437 1.9066 2.0315 2.0289 1.8987 1.8517 1.8418 1.8422 1.8541 1.87 1.874 1.8832 1.8857 1.9036 1.9457 2.0239 2.1246 2.2852 2.5559 2.6952 2.5478 2.4926 2.4617 2.4574 2.4806 2.6298 2.4394 2.3648 2.2952 2.2209 2.1763
2.0425 1.8824 1.8501 1.84 1.8095 1.7801 1.779 1.8417 1.9521 1.8711 1.7732 1.737 1.7113 1.6867 1.7158 1.6833 1.7128 1.7009 1.7116 1.7533 1.729 1.7417 1.7614 1.7557 1.7841 1.7876 1.7757 1.7673 1.8139 1.8625 1.9375 2.0377 1.9262 1.8448 1.8766 1.933 1.902 1.8626 1.8816 1.8676 1.868 1.8792 1.8666 1.889 1.914 1.9218 1.9429 1.9923 2.0658 2.2087 2.3011 2.451 2.4124 2.3293 2.3108 2.2629 2.2274 2.2512 2.2838 2.2191 2.1906 2.1056 2.1089 2.1535
1.9026 1.7937 1.7626 1.789 1.7684 1.7794 1.7639 1.8051 1.773 1.7351 1.7035 1.6854 1.6913 1.6916 1.7186 1.7119 1.7338 1.7402 1.7338 1.7267 1.7611 1.7671 1.7606 1.7633 1.7773 1.7996 1.7891 1.8279 1.8788 1.9073 1.9453 2.0477 1.9768 1.8942 1.8591 1.8535 1.8531 1.8428 1.8581 1.8603 1.8875 1.9211 1.8986 1.9284 1.9412 1.9713 2.0145 2.1124 2.1543 2.2715 2.193 2.1928 2.2018 2.1591 2.124 2.1036 2.09 2.0862 2.0899 1.9758 1.9801 2.0126 2.0583 2.0704
1.8043 1.7464 1.7247 1.7476 1.7512 1.7562 1.7373 1.7285 1.7193 1.6975 1.7383 1.7063 1.7171 1.7296 1.729 1.7506 1.7635 1.7639 1.7539 1.7794 1.829 1.8282 1.8087 1.7951 1.8106 1.8125 1.8251 1.8488 1.9711 1.9522 1.953 1.9503 1.9229 1.8634 1.8715 1.892 1.8723 1.8634 1.8812 1.9034 1.897 1.9709 1.968 2.0013 2.0557 2.1337 2.1669 2.2558 2.2986 2.3808 2.2358 2.104 2.083 1.9998 1.995 2.0262 1.9812 1.9688 1.9736 1.9501 1.9438 1.944 1.9735 1.9839
1.7103 1.6826 1.6924 1.6948 1.6962 1.7113 1.7229 1.7014 1.7033 1.691 1.7291 1.7316 1.7368 1.751 1.7478 1.7593 1.771 1.7824 1.8033 1.8208 1.8784 1.933 1.8728 1.8538 1.8381 1.8433 1.8412 1.8528 1.8838 1.8627 1.876 1.8644 1.8423 1.8407 1.8847 1.9323 1.8946 1.9069 1.9273 1.9126 1.9486 1.9581 2.1464 2.2995 2.4223 2.5021 2.3987 2.4684 2.4178 2.3311 2.3063 2.2194 2.0383 1.9874 1.9793 1.9942 1.95 1.947 1.9325 1.9331 1.942 2.0018 1.9609 1.9491
1.6811 1.6703 1.6754 1.6614 1.6839 1.7004 1.6936 1.6985 1.6977 1.6994 1.7697 1.7641 1.7506 1.7777 1.7781 1.7991 1.8283 1.8272 1.8486 1.8693 1.898 1.9606 1.9529 1.943 1.879 1.8637 1.8647 1.9232 2.0121 1.942 1.8369 1.8526 1.8363 1.855 1.8627 1.8886 1.9502 2.0361 2.0507 1.9417 1.9475 2.0374 2.3117 2.4941 2.4934 2.5461 2.5785 2.7266 2.6587 2.3472 2.2394 2.1429 2.0667 2.0329 2.0039 2.0123 1.9795 1.9663 1.9224 1.9466 1.9558 1.966 1.9578 1.9516
1.678 1.6747 1.6782 1.6725 1.685 1.6828 1.6976 1.6972 1.7091 1.7212 1.7517 1.747 1.7567 1.7607 1.8204 1.9089 1.9925 2.0428 1.9505 1.9473 1.9733 2.0521 2.084 2.1362 2.12 1.9556 1.8669 1.925 2.0338 1.9554 1.8347 1.8411 1.837 1.8479 1.8534 1.9445 2.0044 2.1156 1.9795 1.9297 1.9495 2.0638 2.2271 2.4076 2.636 2.746 2.6444 2.6434 2.4951 2.3694 2.2144 2.1436 2.0772 2.05 2.0533 2.0126 1.9745 1.9596 1.9428 1.947 1.955 1.9408 1.9462 1.9575
1.6937 1.6712 1.6737 1.6949 1.6881 1.6985 1.7227 1.7351 1.7213 1.7361 1.7511 1.7501 1.7747 1.827 1.9183 2.1388 2.3169 2.176 2.1055 2.0698 2.1041 2.2062 2.1185 2.2356 2.0289 1.8598 1.8332 1.8614 1.8698 1.8609 1.8119 1.8114 1.8097 1.8446 1.8565 1.9006 1.9858 1.9361 1.915 1.9206 1.9283 2.0045 2.1823 2.587 2.8701 2.7919 2.6364 2.5834 2.5894 2.5144 2.344 2.1962 2.1592 2.1786 2.1969 2.1256 2.0719 1.9953 1.9728 1.9589 1.949 1.9265 1.9263 1.9503
1.7164 1.6882 1.6907 1.6884 1.7037 1.711 1.7266 1.7435 1.7206 1.7367 1.753 1.7835 1.8041 1.8873 2.0686 2.253 2.3863 2.3065 2.3044 2.3099 2.1553 2.1183 2.0192 1.9999 1.888 1.8347 1.8032 1.8076 1.7973 1.8098 1.786 1.819 1.8044 1.8387 1.8453 1.876 1.8889 1.8803 1.8931 1.9017 1.932 1.9756 2.1192 2.5483 2.8571 2.7727 2.6545 2.7461 2.826 2.8402 2.6028 2.3814 2.3817 2.4996 2.3915 2.4403 2.2732 2.1394 2.0291 1.9723 1.9572 1.9217 1.9585 1.9722
1.724 1.7011 1.7044 1.7008 1.7152 1.7189 1.7145 1.7114 1.7414 1.7554 1.7852 1.8012 1.8472 1.942 2.209 2.5461 2.4639 2.2981 2.3219 2.6178 2.4065 2.1702 1.9846 1.8731 1.8186 1.8023 1.8166 1.814 1.8205 1.8352 1.807 1.8075 1.8092 1.8316 1.8258 1.8337 1.861 1.8551 1.8765 1.8935 1.9242 1.9494 2.0515 2.2274 2.6121 2.8115 2.9121 2.9021 2.9264 2.7783 2.5695 2.5079 2.594 2.5667 2.4274 2.4579 2.4408 2.2479 2.0827 1.9841 1.9396 1.9255 1.9407 1.9352
1.7304 1.6985 1.7122 1.6982 1.7173 1.7331 1.7547 1.7694 1.7567 1.7694 1.8119 1.8452 1.9471 2.0747 2.3942 2.5143 2.3569 2.2179 2.2538 2.6251 2.4355 2.0926 1.9212 1.826 1.8096 1.7877 1.7951 1.8123 1.8048 1.8149 1.7953 1.7998 1.7929 1.8409 1.8487 1.8257 1.8458 1.8585 1.8638 1.8876 1.906 1.9391 1.9839 2.0592 2.188 2.4019 2.7014 2.7718 2.9157 2.8144 2.7787 2.6317 2.451 2.3721 2.304 2.2287 2.1817 2.1441 2.0761 2.0012 1.9407 1.9275 1.9582 1.9984
1.713 1.7108 1.7021 1.6952 1.7087 1.7586 1.8641 1.8159 1.7891 1.8532 2.0026 2.0746 2.0617 2.0514 2.3068 2.4403 2.2143 2.0933 2.2143 2.5298 2.43 2.1247 1.8677 1.7828 1.7803 1.7912 1.773 1.7755 1.7959 1.8714 1.8545 1.8354 1.8051 1.8057 1.8305 1.8391 1.8617 1.8579 1.8602 1.8805 1.9099 1.8797 1.9016 1.9532 2.0321 2.1378 2.2264 2.3684 2.6611 2.824 2.7461 2.6431 2.4276 2.2729 2.1288 2.1744 2.153 2.135 2.0863 2.0693 2.0218 2.0127 2.0314 2.1001
1.7149 1.7152 1.703 1.6905 1.7101 1.751 1.8305 1.8492 1.8583 2.0072 2.2054 2.2626 2.0464 2.0263 2.2215 2.3463 2.0616 1.9931 2.0629 2.1842 2.1561 1.8774 1.8045 1.7566 1.7715 1.7637 1.7672 1.7603 1.7762 1.8783 1.8767 1.8042 1.7968 1.7993 1.8193 1.8876 1.9133 1.8351 1.8368 1.8388 1.8588 1.8358 1.8575 1.8578 1.9032 1.9401 1.9808 2.0722 2.2315 2.3627 2.2412 2.1165 2.0892 2.0383 2.035 2.2696 2.3509 2.4284 2.244 2.2468 2.1404 2.1206 2.1335 2.2483
1.7038 1.7012 1.712 1.7312 1.762 1.7852 1.8422 1.8747 1.9494 2.1038 2.3934 2.4528 2.1181 1.9631 2.0334 2.0684 1.8762 1.8321 1.83 1.8416 1.8865 1.7394 1.7207 1.7227 1.7439 1.7455 1.7527 1.7513 1.7512 1.7661 1.7758 1.7708 1.7762 1.7925 1.7905 1.8482 1.913 1.833 1.8048 1.8186 1.8525 1.8498 1.8401 1.8304 1.8224 1.8507 1.8943 1.9533 2.0574 2.0282 1.9489 1.949 1.9427 1.9719 2.1151 2.5081 2.5591 2.5804 2.452 2.5233 2.5384 2.3523 2.3097 2.3784
1.6984 1.707 1.7053 1.7614 1.9108 1.9484 2.0192 2.0444 2.1386 2.2993 2.3223 2.4049 2.2909 1.9959 1.8488 1.7929 1.7598 1.7156 1.7185 1.7114 1.7029 1.7136 1.7347 1.7385 1.7208 1.7301 1.7436 1.7513 1.7407 1.7437 1.7587 1.7912 1.7808 1.7886 1.7757 1.7736 1.776 1.8134 1.8536 1.9222 1.9153 1.8584 1.8353 1.8213 1.8311 1.8179 1.8078 1.8385 1.9069 1.897 1.9013 1.884 1.9074 2.0147 2.1006 2.2412 2.3943 2.566 2.4877 2.524 2.7616 2.6375 2.5092 2.5743
1.7516 1.7553 1.7614 1.8124 1.9749 2.2161 2.2567 2.2188 2.3889 2.5307 2.4 2.2608 2.0245 1.8632 1.7722 1.7203 1.7063 1.7089 1.6755 1.7203 1.6795 1.6987 1.7824 1.732 1.7326 1.7244 1.7488 1.7453 1.7504 1.7712 1.7654 1.7703 1.7602 1.7544 1.7595 1.7533 1.7681 1.803 1.835 1.9794 2.1319 1.9877 1.8537 1.8066 1.8038 1.8233 1.8125 1.8085 1.8567 1.84 1.84 1.8655 2.0482 2.097 2.1172 2.1636 2.2076 2.3308 2.3576 2.4621 2.7649 2.8767 2.7303 2.7672
1.9067 1.9435 1.794 1.8372 2.0201 2.3896 2.5285 2.375 2.2951 2.288 2.1104 1.8948 1.7765 1.7643 1.6997 1.7418 1.702 1.7147 1.6814 1.6756 1.6953 1.7705 1.8961 1.8342 1.758 1.7331 1.7238 1.7461 1.7225 1.7541 1.7463 1.7353 1.7832 1.7517 1.847 1.7825 1.7823 1.8102 1.7989 1.8767 2.0018 1.9546 1.8374 1.8038 1.8068 1.7812 1.8048 1.8103 1.8134 1.7929 1.8236 1.8731 2.1435 2.363 2.2996 2.2449 2.1784 2.1693 2.2349 2.4087 2.6296 2.7732 2.7906 2.8889
2.1709 2.0814 1.823 1.8276 1.9713 2.2809 2.4033 2.2655 2.1687 2.0468 1.9559 1.7689 1.7033 1.717 1.6964 1.7256 1.725 1.7183 1.7719 1.7992 1.9618 1.8719 1.8812 1.8025 1.7546 1.711 1.713 1.746 1.728 1.7134 1.7317 1.7289 1.8336 1.8027 1.9014 1.7985 1.7862 1.7651 1.774 1.774 1.8346 1.8231 1.7977 1.7829 1.7736 1.7841 1.7931 1.8102 1.7944 1.8099 1.8102 1.8751 2.0455 2.4894 2.4649 2.3693 2.1416 2.1027 2.2039 2.4431 2.5776 2.541 2.5508 2.5594
