0 0 0 0 0 0 0 0 0 0 0 0 0 0 0 0 0 0 0 0 0 0 0 0 0 0 0 0 0 0 0 0 0 0 0 0 0 0 0 0 0 0 0 0 0 0 0 0 0 0 0 0 0 0 0 0 0 0 0 0 0 0 0 0
0.012708 0.012708 0.012708 0.012708 0.012708 0.012708 0.012708 0.012708 0.012708 0.012708 0.012708 0.012708 0.012708 0.012708 0.012708 0.012708 0.012708 0.012708 0.012708 0.012708 0.012708 0.012708 0.012708 0.012708 0.012708 0.012708 0.012708 0.012708 0.012708 0.012708 0.012708 0.012708 0.012708 0.012708 0.012708 0.012708 0.012708 0.012708 0.012708 0.012708 0.012708 0.012708 0.012708 0.012708 0.012708 0.012708 0.012708 0.012708 0.012708 0.012708 0.012708 0.012708 0.012708 0.012708 0.012708 0.012708 0.012708 0.012708 0.012708 0.012708 0.012708 0.012708 0.012708 0.012708
0.082635 0.082635 0.082635 0.082635 0.082635 0.082635 0.082635 0.082635 0.082635 0.082635 0.082635 0.082635 0.082635 0.082635 0.082635 0.082635 0.082635 0.082635 0.082635 0.082635 0.082635 0.082635 0.082635 0.082635 0.082635 0.082635 0.082635 0.082635 0.082635 0.082635 0.082635 0.082635 0.082635 0.082635 0.082635 0.082635 0.082635 0.082635 0.082635 0.082635 0.082635 0.082635 0.082635 0.082635 0.082635 0.082635 0.082635 0.082635 0.082635 0.082635 0.082635 0.082635 0.082635 0.082635 0.082635 0.082635 0.082635 0.082635 0.082635 0.082635 0.082635 0.082635 0.082635 0.082635
0.15256 0.15256 0.15256 0.15256 0.15256 0.15256 0.15256 0.15256 0.15256 0.15256 0.15256 0.15256 0.15256 0.15256 0.15256 0.15256 0.15256 0.15256 0.15256 0.15256 0.15256 0.15256 0.15256 0.15256 0.15256 0.15256 0.15256 0.15256 0.15256 0.15256 0.15256 0.15256 0.15256 0.15256 0.15256 0.15256 0.15256 0.15256 0.15256 0.15256 0.15256 0.15256 0.15256 0.15256 0.15256 0.15256 0.15256 0.15256 0.15256 0.15256 0.15256 0.15256 0.15256 0.15256 0.15256 0.15256 0.15256 0.15256 0.15256 0.15256 0.15256 0.15256 0.15256 0.15256
0.22249 0.22249 0.22249 0.22249 0.22249 0.22249 0.22249 0.22249 0.22249 0.22249 0.22249 0.22249 0.22249 0.22249 0.22249 0.22249 0.22249 0.22249 0.22249 0.22249 0.22249 0.22249 0.22249 0.22249 0.22249 0.22249 0.22249 0.22249 0.22249 0.22249 0.22249 0.22249 0.22249 0.22249 0.22249 0.22249 0.22249 0.22249 0.22249 0.22249 0.22249 0.22249 0.22249 0.22249 0.22249 0.22249 0.22249 0.22249 0.22249 0.22249 0.22249 0.22249 0.22249 0.22249 0.22249 0.22249 0.22249 0.22249 0.22249 0.22249 0.22249 0.22249 0.22249 0.22249
0.29242 0.29242 0.29242 0.29242 0.29242 0.29242 0.29242 0.29242 0.29242 0.29242 0.29242 0.29242 0.29242 0.29242 0.29242 0.29242 0.29242 0.29242 0.29242 0.29242 0.29242 0.29242 0.29242 0.29242 0.29242 0.29242 0.29242 0.29242 0.29242 0.29242 0.29242 0.29242 0.29242 0.29242 0.29242 0.29242 0.29242 0.29242 0.29242 0.29242 0.29242 0.29242 0.29242 0.29242 0.29242 0.29242 0.29242 0.29242 0.29242 0.29242 0.29242 0.29242 0.29242 0.29242 0.29242 0.29242 0.29242 0.29242 0.29242 0.29242 0.29242 0.29242 0.29242 0.29242
0.36234 0.36234 0.36234 0.36234 0.36234 0.36234 0.36234 0.36234 0.36234 0.36234 0.36234 0.36234 0.36234 0.36234 0.36234 0.36234 0.36234 0.36234 0.36234 0.36234 0.36234 0.36234 0.36234 0.36234 0.36234 0.36234 0.36234 0.36234 0.36234 0.36234 0.36234 0.36234 0.36234 0.36234 0.36234 0.36234 0.36234 0.36234 0.36234 0.36234 0.36234 0.36234 0.36234 0.36234 0.36234 0.36234 0.36234 0.36234 0.36234 0.36234 0.36234 0.36234 0.36234 0.36234 0.36234 0.36234 0.36234 0.36234 0.36234 0.36234 0.36234 0.36234 0.36234 0.36234
0.43227 0.43227 0.43227 0.43227 0.43227 0.43227 0.43227 0.43227 0.43227 0.43227 0.43227 0.43227 0.43227 0.43227 0.43227 0.43227 0.43227 0.43227 0.43227 0.43227 0.43227 0.43227 0.43227 0.43227 0.43227 0.43227 0.43227 0.43227 0.43227 0.43227 0.43227 0.43227 0.43227 0.43227 0.43227 0.43227 0.43227 0.43227 0.43227 0.43227 0.43227 0.43227 0.43227 0.43227 0.43227 0.43227 0.43227 0.43227 0.43227 0.43227 0.43227 0.43227 0.43227 0.43227 0.43227 0.43227 0.43227 0.43227 0.43227 0.43227 0.43227 0.43227 0.43227 0.43227
0.5022 0.5022 0.5022 0.5022 0.5022 0.5022 0.5022 0.5022 0.5022 0.5022 0.5022 0.5022 0.5022 0.5022 0.5022 0.5022 0.5022 0.5022 0.5022 0.5022 0.5022 0.5022 0.5022 0.5022 0.5022 0.5022 0.5022 0.5022 0.5022 0.5022 0.5022 0.5022 0.5022 0.5022 0.5022 0.5022 0.5022 0.5022 0.5022 0.5022 0.5022 0.5022 0.5022 0.5022 0.5022 0.5022 0.5022 0.5022 0.5022 0.5022 0.5022 0.5022 0.5022 0.5022 0.5022 0.5022 0.5022 0.5022 0.5022 0.5022 0.5022 0.5022 0.5022 0.5022
0.57212 0.57212 0.57212 0.57212 0.57212 0.57212 0.57212 0.57212 0.57212 0.57212 0.57212 0.57212 0.57212 0.57212 0.57212 0.57212 0.57212 0.57212 0.57212 0.57212 0.57212 0.57212 0.57212 0.57212 0.57212 0.57212 0.57212 0.57212 0.57212 0.57212 0.57212 0.57212 0.57212 0.57212 0.57212 0.57212 0.57212 0.57212 0.57212 0.57212 0.57212 0.57212 0.57212 0.57212 0.57212 0.57212 0.57212 0.57212 0.57212 0.57212 0.57212 0.57212 0.57212 0.57212 0.57212 0.57212 0.57212 0.57212 0.57212 0.57212 0.57212 0.57212 0.57212 0.57212
0.64205 0.64205 0.64205 0.64205 0.64205 0.64205 0.64205 0.64205 0.64205 0.64205 0.64205 0.64205 0.64205 0.64205 0.64205 0.64205 0.64205 0.64205 0.64205 0.64205 0.64205 0.64205 0.64205 0.64205 0.64205 0.64205 0.64205 0.64205 0.64205 0.64205 0.64205 0.64205 0.64205 0.64205 0.64205 0.64205 0.64205 0.64205 0.64205 0.64205 0.64205 0.64205 0.64205 0.64205 0.64205 0.64205 0.64205 0.64205 0.64205 0.64205 0.64205 0.64205 0.64205 0.64205 0.64205 0.64205 0.64205 0.64205 0.64205 0.64205 0.64205 0.64205 0.64205 0.64205
0.71198 0.71198 0.71198 0.71198 0.71198 0.71198 0.71198 0.71198 0.71198 0.71198 0.71198 0.71198 0.71198 0.71198 0.71198 0.71198 0.71198 0.71198 0.71198 0.71198 0.71198 0.71198 0.71198 0.71198 0.71198 0.71198 0.71198 0.71198 0.71198 0.71198 0.71198 0.71198 0.71198 0.71198 0.71198 0.71198 0.71198 0.71198 0.71198 0.71198 0.71198 0.71198 0.71198 0.71198 0.71198 0.71198 0.71198 0.71198 0.71198 0.71198 0.71198 0.71198 0.71198 0.71198 0.71198 0.71198 0.71198 0.71198 0.71198 0.71198 0.71198 0.71198 0.71198 0.71198
0.7819 0.7819 0.7819 0.7819 0.7819 0.7819 0.7819 0.7819 0.7819 0.7819 0.7819 0.7819 0.7819 0.7819 0.7819 0.7819 0.7819 0.7819 0.7819 0.7819 0.7819 0.7819 0.7819 0.7819 0.7819 0.7819 0.7819 0.7819 0.7819 0.7819 0.7819 0.7819 0.7819 0.7819 0.7819 0.7819 0.7819 0.7819 0.7819 0.7819 0.7819 0.7819 0.7819 0.7819 0.7819 0.7819 0.7819 0.7819 0.7819 0.7819 0.7819 0.7819 0.7819 0.7819 0.7819 0.7819 0.7819 0.7819 0.7819 0.7819 0.7819 0.7819 0.7819 0.7819
0.85183 0.85183 0.85183 0.85183 0.85183 0.85183 0.85183 0.85183 0.85183 0.85183 0.85183 0.85183 0.85183 0.85183 0.85183 0.85183 0.85183 0.85183 0.85183 0.85183 0.85183 0.85183 0.85183 0.85183 0.85183 0.85183 0.85183 0.85183 0.85183 0.85183 0.85183 0.85183 0.85183 0.85183 0.85183 0.85183 0.85183 0.85183 0.85183 0.85183 0.85183 0.85183 0.85183 0.85183 0.85183 0.85183 0.85183 0.85183 0.85183 0.85183 0.85183 0.85183 0.85183 0.85183 0.85183 0.85183 0.85183 0.85183 0.85183 0.85183 0.85183 0.85183 0.85183 0.85183
0.92176 0.92176 0.92176 0.92176 0.92176 0.92176 0.92176 0.92176 0.92176 0.92176 0.92176 0.92176 0.92176 0.92176 0.92176 0.92176 0.92176 0.92176 0.92176 0.92176 0.92176 0.92176 0.92176 0.92176 0.92176 0.92176 0.92176 0.92176 0.92176 0.92176 0.92176 0.92176 0.92176 0.92176 0.92176 0.92176 0.92176 0.92176 0.92176 0.92176 0.92176 0.92176 0.92176 0.92176 0.92176 0.92176 0.92176 0.92176 0.92176 0.92176 0.92176 0.92176 0.92176 0.92176 0.92176 0.92176 0.92176 0.92176 0.92176 0.92176 0.92176 0.92176 0.92176 0.92176
0.99168 0.99168 0.99168 0.99168 0.99168 0.99168 0.99168 0.99168 0.99168 0.99168 0.99168 0.99168 0.99168 0.99168 0.99168 0.99168 0.99168 0.99168 0.99168 0.99168 0.99168 0.99168 0.99168 0.99168 0.99168 0.99168 0.99168 0.99168 0.99168 0.99168 0.99168 0.99168 0.99168 0.99168 0.99168 0.99168 0.99168 0.99168 0.99168 0.99168 0.99168 0.99168 0.99168 0.99168 0.99168 0.99168 0.99168 0.99168 0.99168 0.99168 0.99168 0.99168 0.99168 0.99168 0.99168 0.99168 0.99168 0.99168 0.99168 0.99168 0.99168 0.99168 0.99168 0.99168
1.0616 1.0616 1.0616 1.0616 1.0616 1.0616 1.0616 1.0616 1.0616 1.0616 1.0616 1.0616 1.0616 1.0616 1.0616 1.0616 1.0616 1.0616 1.0616 1.0616 1.0616 1.0616 1.0616 1.0616 1.0616 1.0616 1.0616 1.0616 1.0616 1.0616 1.0616 1.0616 1.0616 1.0616 1.0616 1.0616 1.0616 1.0616 1.0616 1.0616 1.0616 1.0616 1.0616 1.0616 1.0616 1.0616 1.0616 1.0616 1.0616 1.0616 1.0616 1.0616 1.0616 1.0616 1.0616 1.0616 1.0616 1.0616 1.0616 1.0616 1.0616 1.0616 1.0616 1.0616
1.1315 1.1315 1.1315 1.1315 1.1315 1.1315 1.1315 1.1315 1.1315 1.1315 1.1315 1.1315 1.1315 1.1315 1.1315 1.1315 1.1315 1.1315 1.1315 1.1315 1.1315 1.1315 1.1315 1.1315 1.1315 1.1315 1.1315 1.1315 1.1315 1.1315 1.1315 1.1315 1.1315 1.1315 1.1315 1.1315 1.1315 1.1315 1.1315 1.1315 1.1315 1.1315 1.1315 1.1315 1.1315 1.1315 1.1315 1.1315 1.1315 1.1315 1.1315 1.1315 1.1315 1.1315 1.1315 1.1315 1.1315 1.1315 1.1315 1.1315 1.1315 1.1315 1.1315 1.1315
1.2015 1.2015 1.2015 1.2015 1.2015 1.2015 1.2015 1.2015 1.2015 1.2015 1.2015 1.2015 1.2015 1.2015 1.2015 1.2015 1.2015 1.2015 1.2015 1.2015 1.2015 1.2015 1.2015 1.2015 1.2015 1.2015 1.2015 1.2015 1.2015 1.2015 1.2015 1.2015 1.2015 1.2015 1.2015 1.2015 1.2015 1.2015 1.2015 1.2015 1.2015 1.2015 1.2015 1.2015 1.2015 1.2015 1.2015 1.2015 1.2015 1.2015 1.2015 1.2015 1.2015 1.2015 1.2015 1.2015 1.2015 1.2015 1.2015 1.2015 1.2015 1.2015 1.2015 1.2015
1.2714 1.2714 1.2714 1.2714 1.2714 1.2714 1.2714 1.2714 1.2714 1.2714 1.2714 1.2714 1.2714 1.2714 1.2714 1.2714 1.2714 1.2714 1.2714 1.2714 1.2714 1.2714 1.2714 1.2714 1.2714 1.2714 1.2714 1.2714 1.2714 1.2714 1.2714 1.2714 1.2714 1.2714 1.2714 1.2714 1.2714 1.2714 1.2714 1.2714 1.2714 1.2714 1.2714 1.2714 1.2714 1.2714 1.2714 1.2714 1.2714 1.2714 1.2714 1.2714 1.2714 1.2714 1.2714 1.2714 1.2714 1.2714 1.2714 1.2714 1.2714 1.2714 1.2714 1.2714
1.3413 1.3413 1.3413 1.3413 1.3413 1.3413 1.3413 1.3413 1.3413 1.3413 1.3413 1.3413 1.3413 1.3413 1.3413 1.3413 1.3413 1.3413 1.3413 1.3413 1.3413 1.3413 1.3413 1.3413 1.3413 1.3413 1.3413 1.3413 1.3413 1.3413 1.3413 1.3413 1.3413 1.3413 1.3413 1.3413 1.3413 1.3413 1.3413 1.3413 1.3413 1.3413 1.3413 1.3413 1.3413 1.3413 1.3413 1.3413 1.3413 1.3413 1.3413 1.3413 1.3413 1.3413 1.3413 1.3413 1.3413 1.3413 1.3413 1.3413 1.3413 1.3413 1.3413 1.3413
1.4112 1.4112 1.4112 1.4112 1.4112 1.4112 1.4112 1.4112 1.4112 1.4112 1.4112 1.4112 1.4112 1.4112 1.4112 1.4112 1.4112 1.4112 1.4112 1.4112 1.4112 1.4112 1.4112 1.4112 1.4112 1.4112 1.4112 1.4112 1.4112 1.4112 1.4112 1.4112 1.4112 1.4112 1.4112 1.4112 1.4112 1.4112 1.4112 1.4112 1.4112 1.4112 1.4112 1.4112 1.4112 1.4112 1.4112 1.4112 1.4112 1.4112 1.4112 1.4112 1.4112 1.4112 1.4112 1.4112 1.4112 1.4112 1.4112 1.4112 1.4112 1.4112 1.4112 1.4112
1.4812 1.4812 1.4812 1.4812 1.4812 1.4812 1.4812 1.4812 1.4812 1.4812 1.4812 1.4812 1.4812 1.4812 1.4812 1.4812 1.4812 1.4812 1.4812 1.4812 1.4812 1.4812 1.4812 1.4812 1.4812 1.4812 1.4812 1.4812 1.4812 1.4812 1.4812 1.4812 1.4812 1.4812 1.4812 1.4812 1.4812 1.4812 1.4812 1.4812 1.4812 1.4812 1.4812 1.4812 1.4812 1.4812 1.4812 1.4812 1.4812 1.4812 1.4812 1.4812 1.4812 1.4812 1.4812 1.4812 1.4812 1.4812 1.4812 1.4812 1.4812 1.4812 1.4812 1.4812
1.5511 1.5511 1.5511 1.5511 1.5511 1.5511 1.5511 1.5511 1.5511 1.5511 1.5511 1.5511 1.5511 1.5511 1.5511 1.5511 1.5511 1.5511 1.5511 1.5511 1.5511 1.5511 1.5511 1.5511 1.5511 1.5511 1.5511 1.5511 1.5511 1.5511 1.5511 1.5511 1.5511 1.5511 1.5511 1.5511 1.5511 1.5511 1.5511 1.5511 1.5511 1.5511 1.5511 1.5511 1.5511 1.5511 1.5511 1.5511 1.5511 1.5511 1.5511 1.5511 1.5511 1.5511 1.5511 1.5511 1.5511 1.5511 1.5511 1.5511 1.5511 1.5511 1.5511 1.5511
1.621 1.621 1.621 1.621 1.621 1.621 1.621 1.621 1.621 1.621 1.621 1.621 1.621 1.621 1.621 1.621 1.621 1.621 1.621 1.621 1.621 1.621 1.621 1.621 1.621 1.621 1.621 1.621 1.621 1.621 1.621 1.621 1.621 1.621 1.621 1.621 1.621 1.621 1.621 1.621 1.621 1.621 1.621 1.621 1.621 1.621 1.621 1.621 1.621 1.621 1.621 1.621 1.621 1.621 1.621 1.621 1.621 1.621 1.621 1.621 1.621 1.621 1.621 1.621
1.691 1.691 1.691 1.691 1.691 1.691 1.691 1.691 1.691 1.691 1.691 1.691 1.691 1.691 1.691 1.691 1.691 1.691 1.691 1.691 1.691 1.691 1.691 1.691 1.691 1.691 1.691 1.691 1.691 1.691 1.691 1.691 1.691 1.691 1.691 1.691 1.691 1.691 1.691 1.691 1.691 1.691 1.691 1.691 1.691 1.691 1.691 1.691 1.691 1.691 1.691 1.691 1.691 1.691 1.691 1.691 1.691 1.691 1.691 1.691 1.691 1.691 1.691 1.691
1.7609 1.7609 1.7609 1.7609 1.7609 1.7609 1.7609 1.7609 1.7609 1.7609 1.7609 1.7609 1.7609 1.7609 1.7609 1.7609 1.7609 1.7609 1.7609 1.7609 1.7609 1.7609 1.7609 1.7609 1.7609 1.7609 1.7609 1.7609 1.7609 1.7609 1.7609 1.7609 1.7609 1.7609 1.7609 1.7609 1.7609 1.7609 1.7609 1.7609 1.7609 1.7609 1.7609 1.7609 1.7609 1.7609 1.7609 1.7609 1.7609 1.7609 1.7609 1.7609 1.7609 1.7609 1.7609 1.7609 1.7609 1.7609 1.7609 1.7609 1.7609 1.7609 1.7609 1.7609
1.8308 1.8308 1.8308 1.8308 1.8308 1.8308 1.8308 1.8308 1.8308 1.8308 1.8308 1.8308 1.8308 1.8308 1.8308 1.8308 1.8308 1.8308 1.8308 1.8308 1.8308 1.8308 1.8308 1.8308 1.8308 1.8308 1.8308 1.8308 1.8308 1.8308 1.8308 1.8308 1.8308 1.8308 1.8308 1.8308 1.8308 1.8308 1.8308 1.8308 1.8308 1.8308 1.8308 1.8308 1.8308 1.8308 1.8308 1.8308 1.8308 1.8308 1.8308 1.8308 1.8308 1.8308 1.8308 1.8308 1.8308 1.8308 1.8308 1.8308 1.8308 1.8308 1.8308 1.8308
1.9007 1.9007 1.9007 1.9007 1.9007 1.9007 1.9007 1.9007 1.9007 1.9007 1.9007 1.9007 1.9007 1.9007 1.9007 1.9007 1.9007 1.9007 1.9007 1.9007 1.9007 1.9007 1.9007 1.9007 1.9007 1.9007 1.9007 1.9007 1.9007 1.9007 1.9007 1.9007 1.9007 1.9007 1.9007 1.9007 1.9007 1.9007 1.9007 1.9007 1.9007 1.9007 1.9007 1.9007 1.9007 1.9007 1.9007 1.9007 1.9007 1.9007 1.9007 1.9007 1.9007 1.9007 1.9007 1.9007 1.9007 1.9007 1.9007 1.9007 1.9007 1.9007 1.9007 1.9007
1.9707 1.9707 1.9707 1.9707 1.9707 1.9707 1.9707 1.9707 1.9707 1.9707 1.9707 1.9707 1.9707 1.9707 1.9707 1.9707 1.9707 1.9707 1.9707 1.9707 1.9707 1.9707 1.9707 1.9707 1.9707 1.9707 1.9707 1.9707 1.9707 1.9707 1.9707 1.9707 1.9707 1.9707 1.9707 1.9707 1.9707 1.9707 1.9707 1.9707 1.9707 1.9707 1.9707 1.9707 1.9707 1.9707 1.9707 1.9707 1.9707 1.9707 1.9707 1.9707 1.9707 1.9707 1.9707 1.9707 1.9707 1.9707 1.9707 1.9707 1.9707 1.9707 1.9707 1.9707
2.0406 2.0406 2.0406 2.0406 2.0406 2.0406 2.0406 2.0406 2.0406 2.0406 2.0406 2.0406 2.0406 2.0406 2.0406 2.0406 2.0406 2.0406 2.0406 2.0406 2.0406 2.0406 2.0406 2.0406 2.0406 2.0406 2.0406 2.0406 2.0406 2.0406 2.0406 2.0406 2.0406 2.0406 2.0406 2.0406 2.0406 2.0406 2.0406 2.0406 2.0406 2.0406 2.0406 2.0406 2.0406 2.0406 2.0406 2.0406 2.0406 2.0406 2.0406 2.0406 2.0406 2.0406 2.0406 2.0406 2.0406 2.0406 2.0406 2.0406 2.0406 2.0406 2.0406 2.0406
2.1105 2.1105 2.1105 2.1105 2.1105 2.1105 2.1105 2.1105 2.1105 2.1105 2.1105 2.1105 2.1105 2.1105 2.1105 2.1105 2.1105 2.1105 2.1105 2.1105 2.1105 2.1105 2.1105 2.1105 2.1105 2.1105 2.1105 2.1105 2.1105 2.1105 2.1105 2.1105 2.1105 2.1105 2.1105 2.1105 2.1105 2.1105 2.1105 2.1105 2.1105 2.1105 2.1105 2.1105 2.1105 2.1105 2.1105 2.1105 2.1105 2.1105 2.1105 2.1105 2.1105 2.1105 2.1105 2.1105 2.1105 2.1105 2.1105 2.1105 2.1105 2.1105 2.1105 2.1105
2.1804 2.1804 2.1804 2.1804 2.1804 2.1804 2.1804 2.1804 2.1804 2.1804 2.1804 2.1804 2.1804 2.1804 2.1804 2.1804 2.1804 2.1804 2.1804 2.1804 2.1804 2.1804 2.1804 2.1804 2.1804 2.1804 2.1804 2.1804 2.1804 2.1804 2.1804 2.1804 2.1804 2.1804 2.1804 2.1804 2.1804 2.1804 2.1804 2.1804 2.1804 2.1804 2.1804 2.1804 2.1804 2.1804 2.1804 2.1804 2.1804 2.1804 2.1804 2.1804 2.1804 2.1804 2.1804 2.1804 2.1804 2.1804 2.1804 2.1804 2.1804 2.1804 2.1804 2.1804
2.2504 2.2504 2.2504 2.2504 2.2504 2.2504 2.2504 2.2504 2.2504 2.2504 2.2504 2.2504 2.2504 2.2504 2.2504 2.2504 2.2504 2.2504 2.2504 2.2504 2.2504 2.2504 2.2504 2.2504 2.2504 2.2504 2.2504 2.2504 2.2504 2.2504 2.2504 2.2504 2.2504 2.2504 2.2504 2.2504 2.2504 2.2504 2.2504 2.2504 2.2504 2.2504 2.2504 2.2504 2.2504 2.2504 2.2504 2.2504 2.2504 2.2504 2.2504 2.2504 2.2504 2.2504 2.2504 2.2504 2.2504 2.2504 2.2504 2.2504 2.2504 2.2504 2.2504 2.2504
2.3203 2.3203 2.3203 2.3203 2.3203 2.3203 2.3203 2.3203 2.3203 2.3203 2.3203 2.3203 2.3203 2.3203 2.3203 2.3203 2.3203 2.3203 2.3203 2.3203 2.3203 2.3203 2.3203 2.3203 2.3203 2.3203 2.3203 2.3203 2.3203 2.3203 2.3203 2.3203 2.3203 2.3203 2.3203 2.3203 2.3203 2.3203 2.3203 2.3203 2.3203 2.3203 2.3203 2.3203 2.3203 2.3203 2.3203 2.3203 2.3203 2.3203 2.3203 2.3203 2.3203 2.3203 2.3203 2.3203 2.3203 2.3203 2.3203 2.3203 2.3203 2.3203 2.3203 2.3203
2.3902 2.3902 2.3902 2.3902 2.3902 2.3902 2.3902 2.3902 2.3902 2.3902 2.3902 2.3902 2.3902 2.3902 2.3902 2.3902 2.3902 2.3902 2.3902 2.3902 2.3902 2.3902 2.3902 2.3902 2.3902 2.3902 2.3902 2.3902 2.3902 2.3902 2.3902 2.3902 2.3902 2.3902 2.3902 2.3902 2.3902 2.3902 2.3902 2.3902 2.3902 2.3902 2.3902 2.3902 2.3902 2.3902 2.3902 2.3902 2.3902 2.3902 2.3902 2.3902 2.3902 2.3902 2.3902 2.3902 2.3902 2.3902 2.3902 2.3902 2.3902 2.3902 2.3902 2.3902
2.4601 2.4601 2.4601 2.4601 2.4601 2.4601 2.4601 2.4601 2.4601 2.4601 2.4601 2.4601 2.4601 2.4601 2.4601 2.4601 2.4601 2.4601 2.4601 2.4601 2.4601 2.4601 2.4601 2.4601 2.4601 2.4601 2.4601 2.4601 2.4601 2.4601 2.4601 2.4601 2.4601 2.4601 2.4601 2.4601 2.4601 2.4601 2.4601 2.4601 2.4601 2.4601 2.4601 2.4601 2.4601 2.4601 2.4601 2.4601 2.4601 2.4601 2.4601 2.4601 2.4601 2.4601 2.4601 2.4601 2.4601 2.4601 2.4601 2.4601 2.4601 2.4601 2.4601 2.4601
2.5301 2.5301 2.5301 2.5301 2.5301 2.5301 2.5301 2.5301 2.5301 2.5301 2.5301 2.5301 2.5301 2.5301 2.5301 2.5301 2.5301 2.5301 2.5301 2.5301 2.5301 2.5301 2.5301 2.5301 2.5301 2.5301 2.5301 2.5301 2.5301 2.5301 2.5301 2.5301 2.5301 2.5301 2.5301 2.5301 2.5301 2.5301 2.5301 2.5301 2.5301 2.5301 2.5301 2.5301 2.5301 2.5301 2.5301 2.5301 2.5301 2.5301 2.5301 2.5301 2.5301 2.5301 2.5301 2.5301 2.5301 2.5301 2.5301 2.5301 2.5301 2.5301 2.5301 2.5301
2.6 2.6 2.6 2.6 2.6 2.6 2.6 2.6 2.6 2.6 2.6 2.6 2.6 2.6 2.6 2.6 2.6 2.6 2.6 2.6 2.6 2.6 2.6 2.6 2.6 2.6 2.6 2.6 2.6 2.6 2.6 2.6 2.6 2.6 2.6 2.6 2.6 2.6 2.6 2.6 2.6 2.6 2.6 2.6 2.6 2.6 2.6 2.6 2.6 2.6 2.6 2.6 2.6 2.6 2.6 2.6 2.6 2.6 2.6 2.6 2.6 2.6 2.6 2.6
2.6352 2.615 2.537 2.5571 2.5742 2.5774 2.5748 2.6264 2.7937 2.5942 2.6138 2.5239 2.5569 2.6493 2.7173 2.5821 2.5909 2.6606 2.7124 2.6594 2.5953 2.5436 2.5786 2.4576 2.6344 2.6751 2.7598 2.5994 3.1283 2.9477 2.7509 2.682 2.6345 2.5673 2.5795 2.5629 2.5532 2.6047 2.5358 2.5549 2.5476 2.5665 2.6265 2.6659 2.6 2.6262 2.7062 2.7586 2.7816 2.7292 2.7209 2.7267 2.6483 2.7037 2.6362 2.6501 2.6476 2.6375 2.6346 2.6577 2.6472 2.6554 2.5901 2.6618
2.63 2.6284 2.6353 2.6492 2.5894 2.6259 2.6546 2.6423 2.7456 2.5941 2.7276 2.7407 2.6578 2.7418 2.6762 2.503 2.7568 2.686 2.7406 2.6177 2.649 2.6538 2.7693 2.7324 2.7002 2.7447 3.004 2.858 3.0039 3.0673 2.9933 2.6002 2.5802 2.5619 2.5835 2.6278 2.6249 2.6033 2.6407 2.5628 2.6463 2.6333 2.714 2.6941 2.6797 2.6879 2.7081 2.7753 2.7811 2.7466 2.699 2.6636 2.6753 2.6782 2.6728 2.6808 2.683 2.6284 2.622 2.6425 2.6257 2.6304 2.6367 2.6619
2.6104 2.6119 2.6644 2.675 2.663 2.6543 2.6168 2.712 2.7524 2.654 2.5895 2.7081 2.6687 2.7086 2.6321 2.7092 2.7452 2.7819 2.7898 2.7085 2.7072 2.635 2.6699 2.7978 2.5452 2.5729 2.5548 2.1269 2.6993 2.8361 2.7234 2.6205 2.6893 2.7439 2.6833 2.641 2.6665 2.6755 2.7159 2.7265 2.6804 2.6874 2.6877 2.7438 2.7287 2.6604 2.6885 2.7734 2.8145 2.7448 2.7422 2.6782 2.6852 2.6823 2.7344 2.7251 2.6522 2.6391 2.6129 2.6148 2.6237 2.6563 2.6867 2.7195
2.7335 2.7293 2.6823 2.7002 2.6524 2.7096 2.7036 2.7416 2.7345 2.7944 2.7796 2.8013 2.7346 2.7498 2.7958 2.7454 2.7662 2.8692 2.7197 2.9023 2.8561 2.8176 2.7981 2.6937 2.7299 2.5531 2.732 2.8485 2.6636 3.0538 2.6635 2.689 2.6273 2.7216 2.6586 2.7417 2.7361 2.7724 2.8 2.7318 2.8063 2.794 2.7553 2.766 2.7601 2.7318 2.7705 2.7963 2.7972 2.7014 2.7349 2.7162 2.703 2.7309 2.6678 2.659 2.6687 2.6307 2.6483 2.6943 2.6511 2.7284 2.7274 2.7416
2.6726 2.6845 2.7342 2.7232 2.7523 2.769 2.766 2.7106 2.7436 2.746 2.7802 2.5981 2.6823 2.8135 2.8613 2.7734 2.7481 2.8037 2.8272 2.8695 2.9339 2.9324 2.8883 2.7468 2.8188 2.5863 2.5801 2.8705 2.8805 2.8094 2.6745 2.7493 2.776 2.7716 2.6795 2.6935 2.7201 2.7351 2.7506 2.7105 2.7567 2.7547 2.785 2.7633 2.8015 2.8143 2.7626 2.7317 2.692 2.7449 2.7639 2.7471 2.7362 2.7193 2.7279 2.6577 2.6733 2.714 2.7089 2.7124 2.7033 2.7054 2.695 2.6862
2.671 2.6781 2.7422 2.7816 2.7606 2.774 2.8112 2.7691 2.8077 2.7861 2.7968 2.8215 2.824 2.7674 2.859 2.7727 2.8458 2.8585 2.8833 2.885 2.9286 2.7599 2.8494 2.8651 2.8877 2.7689 2.8546 2.7535 2.8396 2.7137 2.6889 2.7628 2.7144 2.743 2.7361 2.7366 2.7369 2.7357 2.76 2.7525 2.7529 2.786 2.7772 2.7737 2.7505 2.773 2.771 2.5512 2.6871 2.7098 2.7503 2.688 2.6323 2.6425 2.6686 2.6842 2.7023 2.6971 2.7064 2.71 2.6969 2.7063 2.7338 2.7014
2.8068 2.7875 2.7566 2.8097 2.7503 2.6689 2.6455 2.7044 2.7535 2.7355 2.7961 2.8334 2.8302 2.8801 2.8861 2.8387 2.7302 2.8591 2.8837 2.5801 2.8394 2.7898 2.8908 2.8586 2.8066 2.6832 2.8178 2.7222 2.7391 2.7375 2.7286 2.7157 2.7184 2.774 2.7383 2.73 2.7513 2.7231 2.7671 2.7239 2.7751 2.7734 2.7901 2.8152 2.8282 2.8163 2.7933 2.8053 2.7664 2.7414 2.7298 2.6933 2.6776 2.6571 2.7106 2.7234 2.7269 2.7302 2.7349 2.7487 2.7201 2.7257 2.7349 2.7692
2.7885 2.8266 2.7471 2.7084 2.7147 2.7409 2.7629 2.7641 2.7966 2.5995 2.7544 2.8017 2.8352 2.8381 2.9125 2.8872 2.7475 2.8621 2.7697 2.6831 2.7745 2.776 2.6312 2.6381 2.8292 2.8713 3.1297 2.5985 2.7104 2.7422 2.6845 2.7402 2.6845 2.7329 2.7341 2.7629 2.7398 2.7722 2.6984 2.7251 2.7405 2.7227 2.6861 2.7397 2.7575 2.7672 2.8114 2.7563 2.7353 2.7185 2.7199 2.7245 2.6908 2.7423 2.7472 2.7783 2.7557 2.7563 2.7619 2.788 2.7756 2.7513 2.7777 2.7656
2.6989 2.8328 2.8311 2.7825 2.7962 2.7929 2.8505 2.7778 2.7689 2.7867 2.7636 2.7392 2.8042 2.8257 2.8532 2.9651 2.9563 2.9089 3.0011 2.7756 2.8656 2.8274 2.7443 2.6573 2.5994 2.9551 2.8463 2.6918 2.7049 2.6856 2.6825 2.6706 2.6769 2.7391 2.7644 2.7539 2.7658 2.7495 2.7936 2.7644 2.7731 2.7711 2.8078 2.7685 2.8192 2.7505 2.8308 2.7799 2.7467 2.7794 2.7046 2.7108 2.7155 2.7483 2.767 2.776 2.7756 2.7719 2.8196 2.7944 2.7972 2.7909 2.7913 2.8102
2.748 2.8005 2.7777 2.7933 2.8057 2.7719 2.8158 2.7103 2.7499 2.7659 2.7724 2.7684 2.7825 2.7949 2.765 2.7877 2.9107 2.8752 2.7647 2.7453 2.7276 2.7752 2.8404 2.8648 3.0605 2.7053 2.721 2.7276 2.7053 2.6609 2.7177 2.6426 2.7058 2.689 2.6511 2.6615 2.6833 2.7272 2.758 2.6959 2.738 2.7265 2.7431 2.755 2.7469 2.7574 2.7477 2.7718 2.7688 2.7792 2.7891 2.8269 2.7659 2.755 2.7342 2.7519 2.7855 2.8054 2.8018 2.7845 2.79 2.7729 2.7911 2.7976
2.749 2.731 2.8039 2.8363 2.7946 2.7722 2.847 2.8107 2.7914 2.7996 2.7636 2.7683 2.7662 2.7495 2.7551 2.7984 2.7782 2.7821 2.8477 2.8371 2.7582 2.8629 2.889 2.8206 2.8765 2.9797 2.768 2.72 2.7298 2.6715 2.6644 2.7291 2.7163 2.7044 2.7178 2.6981 2.7168 2.7299 2.7014 2.7386 2.6964 2.6905 2.7189 2.7179 2.7379 2.7427 2.7419 2.7498 2.7894 2.8111 2.7791 2.8241 2.7695 2.7504 2.7513 2.7983 2.7819 2.7924 2.7765 2.7753 2.7795 2.7699 2.7924 2.8121
2.8126 2.8163 2.7735 2.8025 2.8538 2.803 2.8304 2.8768 2.7822 2.7816 2.8536 2.7685 2.721 2.7217 2.7406 2.6786 2.7102 2.7313 2.5909 2.7535 2.8524 2.8645 2.7157 2.7044 2.6612 2.6993 2.7707 2.7222 2.7168 2.7197 2.722 2.6622 2.7191 2.652 2.6655 2.6855 2.7112 2.6824 2.6767 2.6485 2.717 2.6941 2.7001 2.7078 2.7232 2.7182 2.7111 2.7481 2.7451 2.7718 2.745 2.7459 2.7623 2.7402 2.7567 2.7733 2.7796 2.8012 2.7783 2.7765 2.7841 2.7898 2.8089 2.8079
2.7251 2.7958 2.7895 2.7934 2.8232 2.8134 2.8074 2.7798 2.7431 2.7569 2.7459 2.7349 2.7387 2.7541 2.7355 2.7542 2.7149 2.7836 2.7308 2.7157 2.7073 2.7056 2.7404 2.7916 2.7449 2.7029 2.6902 2.7049 2.6757 2.7038 2.6818 2.6905 2.7183 2.7086 2.7118 2.7487 2.7203 2.7289 2.7152 2.7176 2.7251 2.6909 2.6985 2.6964 2.6887 2.7532 2.7239 2.7418 2.769 2.7806 2.7375 2.7456 2.7276 2.7754 2.7569 2.7575 2.7663 2.7589 2.765 2.7784 2.7947 2.7819 2.7741 2.7776
2.7649 2.7635 2.7461 2.7621 2.7675 2.7561 2.7799 2.7801 2.8092 2.8125 2.7986 2.7674 2.8121 2.765 2.7108 2.7078 2.6793 2.702 2.7283 2.7173 2.7161 2.6885 2.6764 2.7255 2.7175 2.6991 2.6712 2.6546 2.6706 2.6713 2.6771 2.6778 2.6451 2.6803 2.694 2.6652 2.6729 2.6711 2.6539 2.6821 2.7282 2.7154 2.6962 2.6973 2.679 2.7014 2.714 2.7251 2.7274 2.7124 2.7399 2.7136 2.7246 2.752 2.7583 2.7359 2.7315 2.75 2.7489 2.7432 2.7494 2.7582 2.7721 2.7636
2.6888 2.7078 2.7096 2.711 2.7198 2.7146 2.7245 2.7253 2.7179 2.7101 2.6842 2.6997 2.6876 2.6987 2.6923 2.6969 2.6909 2.6448 2.6749 2.6799 2.6776 2.7036 2.6848 2.7 2.6941 2.6824 2.7073 2.7017 2.7094 2.7031 2.6728 2.7075 2.6599 2.6498 2.6714 2.662 2.622 2.608 2.659 2.6668 2.6637 2.668 2.6839 2.7054 2.724 2.7018 2.69 2.7335 2.703 2.7067 2.7195 2.6962 2.7538 2.7164 2.7097 2.7256 2.7434 2.7509 2.7268 2.7269 2.7166 2.7423 2.7491 2.7216
2.7516 2.7511 2.7715 2.7508 2.7666 2.7807 2.7667 2.7529 2.7816 2.7422 2.7678 2.7508 2.7245 2.727 2.7182 2.6689 2.693 2.6623 2.6885 2.6791 2.7002 2.6852 2.6911 2.6791 2.6939 2.7052 2.6992 2.7039 2.6833 2.6738 2.6694 2.6672 2.6548 2.6686 2.6691 2.6765 2.6493 2.6282 2.6256 2.6419 2.6448 2.6859 2.6869 2.6898 2.6761 2.6443 2.6879 2.6948 2.6732 2.6954 2.7283 2.709 2.7249 2.7346 2.7231 2.7331 2.7183 2.7204 2.7383 2.7466 2.7307 2.7259 2.7431 2.7393
2.7126 2.7041 2.7273 2.7059 2.7089 2.7424 2.6826 2.7004 2.7079 2.704 2.736 2.6951 2.6768 2.664 2.6915 2.6597 2.6762 2.6521 2.6834 2.6448 2.6858 2.657 2.6847 2.6634 2.6649 2.6755 2.6707 2.6595 2.6645 2.6225 2.6367 2.6409 2.6568 2.6395 2.655 2.6586 2.6874 2.6505 2.6303 2.6466 2.6545 2.6427 2.6622 2.6443 2.659 2.6728 2.6518 2.6941 2.6816 2.671 2.6713 2.7006 2.7155 2.7271 2.7005 2.6922 2.6954 2.7017 2.6922 2.6864 2.71 2.705 2.6935 2.7165
2.7042 2.7089 2.7283 2.6917 2.7143 2.6714 2.7001 2.7336 2.7332 2.6976 2.7237 2.7326 2.6951 2.7007 2.6657 2.6517 2.635 2.6529 2.6518 2.659 2.6655 2.6738 2.6689 2.6732 2.6651 2.6759 2.6737 2.6619 2.6727 2.6376 2.6591 2.6369 2.6367 2.634 2.6451 2.6604 2.647 2.6439 2.6401 2.6281 2.6553 2.6529 2.6456 2.6578 2.6591 2.6788 2.69 2.6729 2.6929 2.6779 2.6666 2.6774 2.6685 2.7048 2.6911 2.6909 2.7248 2.7168 2.7303 2.719 2.7078 2.6959 2.6936 2.7041
2.677 2.681 2.6991 2.7092 2.7095 2.7252 2.7082 2.7206 2.7078 2.6575 2.6822 2.6863 2.6817 2.7074 2.6399 2.649 2.6437 2.6479 2.6502 2.6497 2.6472 2.6617 2.6504 2.6576 2.6348 2.6724 2.6641 2.6476 2.6648 2.6627 2.6619 2.657 2.6565 2.6591 2.6555 2.6658 2.6839 2.6709 2.6684 2.6521 2.6463 2.6423 2.6316 2.6511 2.6453 2.6469 2.6541 2.6628 2.6878 2.6497 2.6262 2.6531 2.6817 2.6527 2.6779 2.6621 2.681 2.6779 2.6608 2.6629 2.6627 2.6508 2.6728 2.6637
2.7024 2.7275 2.7163 2.7459 2.7461 2.7521 2.7085 2.718 2.7074 2.7195 2.723 2.6858 2.7421 2.7178 2.7061 2.6894 2.6998 2.7026 2.6824 2.6873 2.6562 2.6286 2.6445 2.6393 2.6376 2.6259 2.6134 2.6232 2.6292 2.6162 2.6324 2.6285 2.6372 2.6228 2.6358 2.6618 2.6501 2.6764 2.6608 2.6598 2.6425 2.6308 2.6235 2.6581 2.6307 2.6346 2.6489 2.6697 2.6522 2.6443 2.6508 2.6571 2.6701 2.6682 2.655 2.6807 2.674 2.6578 2.6596 2.6744 2.6827 2.6832 2.6843 2.7067
2.6944 2.6959 2.699 2.6562 2.6926 2.7192 2.7106 2.7293 2.7118 2.6735 2.6914 2.7108 2.7111 2.6707 2.6556 2.6563 2.6525 2.6594 2.6485 2.6553 2.6862 2.6693 2.6615 2.6444 2.6655 2.648 2.6354 2.6425 2.6398 2.6505 2.6517 2.6462 2.6455 2.6682 2.6625 2.6727 2.6711 2.6609 2.6611 2.6791 2.6444 2.6278 2.642 2.634 2.6441 2.6381 2.6559 2.6307 2.6377 2.6497 2.6417 2.6396 2.6387 2.6464 2.6457 2.6717 2.6667 2.6553 2.6625 2.6667 2.6702 2.6702 2.6642 2.6727
2.7324 2.7444 2.7274 2.713 2.7334 2.7426 2.7125 2.7044 2.698 2.6924 2.6916 2.6918 2.7004 2.6778 2.6737 2.6856 2.6711 2.6723 2.6611 2.6633 2.6559 2.6244 2.5993 2.6201 2.6406 2.6453 2.6145 2.6206 2.6283 2.6265 2.6125 2.6315 2.6459 2.6614 2.6579 2.666 2.6813 2.6646 2.6647 2.6585 2.6369 2.647 2.6714 2.6546 2.6394 2.6418 2.6284 2.6626 2.6327 2.658 2.6427 2.6476 2.6474 2.6484 2.6632 2.6307 2.6365 2.6458 2.651 2.6712 2.6629 2.6627 2.6701 2.6604
2.7445 2.7043 2.7068 2.7333 2.7412 2.6936 2.7048 2.7266 2.7098 2.7109 2.6759 2.6889 2.6762 2.6415 2.6344 2.6609 2.6835 2.7258 2.6852 2.6929 2.6694 2.7023 2.6953 2.6383 2.6383 2.6116 2.6349 2.6365 2.6228 2.6119 2.6254 2.6518 2.6551 2.6535 2.6766 2.6706 2.6461 2.6751 2.6529 2.6459 2.6335 2.6472 2.6327 2.6374 2.6352 2.6403 2.6322 2.6214 2.6354 2.6526 2.6265 2.6367 2.6259 2.6424 2.6549 2.6367 2.6474 2.6409 2.6541 2.6696 2.6635 2.6826 2.6937 2.6884
2.7664 2.7777 2.8079 2.7405 2.7491 2.7393 2.7103 2.7129 2.7033 2.7018 2.6751 2.6949 2.6628 2.6594 2.6471 2.6532 2.6302 2.6339 2.6212 2.6209 2.6068 2.6233 2.6151 2.6067 2.6081 2.607 2.6119 2.6188 2.6036 2.6191 2.6238 2.65 2.6334 2.6559 2.6745 2.6605 2.6595 2.6327 2.6562 2.6364 2.6351 2.6417 2.6303 2.6449 2.6465 2.6706 2.6481 2.6515 2.6567 2.6491 2.6521 2.6471 2.6579 2.6729 2.6682 2.668 2.6813 2.6731 2.68 2.6954 2.713 2.7158 2.7192 2.7192
2.8095 2.804 2.8056 2.8203 2.7643 2.769 2.7501 2.7236 2.7379 2.688 2.684 2.6742 2.6613 2.6492 2.6391 2.6277 2.6269 2.6337 2.6255 2.6085 2.6053 2.6092 2.6228 2.6242 2.6146 2.6085 2.6117 2.6033 2.608 2.6145 2.6178 2.6613 2.6725 2.6745 2.713 2.6753 2.6993 2.6854 2.6754 2.6596 2.6545 2.6488 2.6439 2.6429 2.6598 2.6591 2.6656 2.6649 2.6726 2.678 2.6885 2.6838 2.6923 2.6884 2.7072 2.6918 2.7072 2.7334 2.7274 2.7335 2.7026 2.7158 2.7568 2.7509
2.8467 2.8294 2.8345 2.824 2.8221 2.8097 2.7574 2.7564 2.7432 2.706 2.7091 2.6915 2.6763 2.6654 2.6635 2.6627 2.6251 2.6332 2.625 2.6194 2.6044 2.6257 2.6067 2.6208 2.6159 2.6153 2.619 2.6204 2.659 2.6622 2.673 2.7911 2.8636 2.7864 2.736 2.7232 2.7436 2.7208 2.689 2.6927 2.659 2.6734 2.6935 2.6593 2.6767 2.6856 2.6735 2.6689 2.6898 2.711 2.7049 2.7097 2.7184 2.7212 2.7822 2.7287 2.7525 2.7808 2.7686 2.758 2.7506 2.7599 2.766 2.7896
2.9694 2.9129 2.9012 2.8734 2.8698 2.8007 2.7869 2.7621 2.7308 2.7104 2.6844 2.6983 2.6904 2.6766 2.7379 2.6539 2.6551 2.6232 2.6299 2.6179 2.6089 2.6023 2.6041 2.6092 2.623 2.6134 2.6466 2.6615 2.7135 2.8186 3.0134 3.2444 3.0619 2.8758 2.743 2.7034 2.7125 2.6883 2.6852 2.6799 2.692 2.7635 2.6944 2.6793 2.6987 2.8056 2.7012 2.6808 2.7107 2.7261 2.7523 2.7512 2.7598 2.82 2.8294 2.9356 2.973 2.874 2.8333 2.7946 2.808 2.7797 2.7952 2.7945
3.2156 3.0968 3.0262 2.9607 2.8735 2.8088 2.7764 2.7199 2.7348 2.7189 2.7076 2.6906 2.7002 2.6746 2.6801 2.6717 2.6564 2.634 2.6083 2.6184 2.6029 2.6188 2.5962 2.6084 2.6366 2.6369 2.6618 2.7069 2.8155 3.1058 3.5318 3.2392 2.9937 2.8203 2.7305 2.7402 2.7064 2.689 2.7031 2.6805 2.6828 2.6606 2.6818 2.662 2.7399 2.7397 2.7486 2.7383 2.738 2.7697 2.7782 2.7947 2.8093 2.9414 3.0936 3.1919 3.2239 3.0784 2.8905 2.8506 2.8543 2.8326 2.8346 2.8583
3.5052 3.3097 3.0711 2.9324 2.8473 2.805 2.7803 2.7527 2.7361 2.7327 2.7154 2.707 2.6885 2.6701 2.6616 2.6716 2.6609 2.6345 2.6227 2.6166 2.6245 2.619 2.612 2.6141 2.6385 2.671 2.722 2.7816 2.8769 3.2069 3.377 3.0726 2.8423 2.7889 2.7566 2.7512 2.7225 2.6948 2.6729 2.657 2.6767 2.6751 2.6804 2.7281 2.7603 2.7578 2.7713 2.7746 2.7966 2.8331 2.8148 2.8112 2.8486 2.9444 3.038 3.1098 3.0913 2.9999 2.8809 2.8409 2.8726 2.8832 2.8951 2.9069
3.4857 3.3125 2.989 2.8641 2.844 2.7951 2.7899 2.7702 2.7409 2.7392 2.7282 2.7268 2.718 2.7177 2.6985 2.6753 2.6446 2.6857 2.6514 2.6461 2.6114 2.6268 2.6339 2.6581 2.6648 2.7045 2.7818 2.8275 2.9169 3.0313 3.0727 2.9147 2.7816 2.7633 2.7356 2.7164 2.7393 2.7296 2.6875 2.68 2.7077 2.7186 2.7995 2.8685 2.882 2.8612 2.8481 2.8405 2.8373 2.8457 2.8714 2.8528 2.8609 2.8865 2.9706 2.9935 2.9248 2.8972 2.8846 2.8818 2.8784 2.9128 2.961 2.9906
3.3301 3.1319 2.8588 2.8255 2.8014 2.7757 2.7529 2.7722 2.7429 2.755 2.7756 2.7587 2.7633 2.7943 2.7485 2.7239 2.6961 2.7224 2.7289 2.6687 2.6662 2.6706 2.6802 2.6752 2.7073 2.7661 2.8516 2.8876 2.886 2.829 2.8067 2.7687 2.7329 2.7553 2.7484 2.7643 2.7509 2.735 2.7532 2.7544 2.8178 3.016 3.1412 3.0453 3.0134 2.9614 2.9759 2.886 2.862 2.8355 2.8419 2.839 2.8496 2.8505 2.8746 2.888 2.9072 2.9973 2.8863 2.8874 2.9227 2.9817 3.0914 3.1661
3.1665 2.9768 2.8275 2.8116 2.7733 2.7811 2.7992 2.857 2.8134 2.8075 2.7813 2.8322 2.8001 2.7351 2.6993 2.6826 2.6636 2.6663 2.663 2.6486 2.6524 2.6714 2.6879 2.7357 2.7876 2.8823 2.937 2.8873 2.8213 2.7841 2.7602 2.7494 2.7649 2.776 2.785 2.7957 2.7965 2.7952 2.7721 2.8317 2.9398 3.2272 3.4788 3.3222 3.2333 3.093 2.9323 2.8862 2.8278 2.8447 2.8507 2.8424 2.8369 2.8549 2.8511 2.8778 2.9323 3.0437 2.9153 2.9095 2.9811 3.1306 3.3577 3.4699
3.0505 2.9221 2.8539 2.816 2.8314 2.9282 3.0238 3.0821 3.0223 2.9302 2.8816 2.8269 2.7882 2.7505 2.7069 2.7181 2.6446 2.6343 2.6509 2.669 2.6898 2.7275 2.7609 2.8023 2.8628 2.9515 2.9245 2.9065 2.878 2.852 2.8567 2.8506 2.8358 2.8277 2.8293 2.869 2.8623 2.8709 2.9227 2.9378 3.0915 3.2778 3.6993 3.6815 3.4018 3.0553 2.9211 2.855 2.7875 2.8027 2.839 2.8244 2.8332 2.8362 2.8511 2.8773 2.8984 2.9206 2.9661 3.0037 3.1108 3.282 3.5458 3.6265
2.991 2.9078 2.869 2.8964 3.0194 3.1202 3.3578 3.3448 3.327 3.139 3.0001 2.8563 2.807 2.7253 2.7163 2.7088 2.6985 2.6989 2.681 2.725 2.7498 2.7865 2.8485 2.9035 2.961 2.9989 3.0034 2.9803 3.0089 3.05 2.9847 2.9767 2.9849 2.9935 2.9659 2.9168 2.9687 3.0212 3.1003 2.992 3.1079 3.2075 3.4312 3.5279 3.2035 2.9488 2.838 2.7903 2.7842 2.8071 2.8004 2.8413 2.8168 2.8398 2.8649 2.8686 2.9406 2.9784 3.0119 3.0659 3.2597 3.4921 3.6871 3.807
2.9635 2.9122 3.0278 3.2097 3.2072 3.3127 3.5936 3.8418 3.6916 3.4233 3.0068 2.8452 2.7774 2.7547 2.7124 2.7111 2.7136 2.71 2.7382 2.7718 2.8104 2.8749 2.9677 3.2169 3.3873 3.3569 3.1635 3.0455 3.0892 3.2157 3.2957 3.263 3.3302 3.2668 3.1068 2.9783 2.9669 2.9725 3.0874 3.0666 3.0508 3.0648 3.14 3.2119 3.066 2.825 2.7602 2.7563 2.7643 2.7851 2.7714 2.7935 2.8208 2.8574 2.8896 2.9031 3.0013 3.0956 3.1153 3.176 3.4292 3.5995 3.8444 3.9564
2.9678 2.9488 2.9696 3.0944 3.2096 3.2759 3.6581 3.8887 3.8162 3.3518 2.9695 2.7941 2.7323 2.7004 2.7295 2.7168 2.7219 2.7442 2.7596 2.8185 2.9068 3.0965 3.18 3.4255 3.6915 3.5614 3.2331 3.1677 3.1585 3.2331 3.2859 3.3863 3.5399 3.275 3.0163 2.9367 2.923 2.9031 2.9187 2.968 3.0024 3.0821 3.1405 3.1031 2.915 2.7737 2.721 2.7292 2.7407 2.7399 2.7621 2.8125 2.8636 2.9533 2.8964 2.9533 3.0713 3.2225 3.2487 3.3389 3.5881 3.6635 3.7391 3.7231
2.9312 2.9038 2.9266 3.0775 3.1103 3.2317 3.3423 3.4222 3.3596 3.1622 2.8696 2.7677 2.7417 2.7452 2.7432 2.7475 2.759 2.7724 2.8171 2.9119 3.1013 3.3267 3.2561 3.2798 3.5943 3.3854 3.2387 3.2691 3.251 3.1837 3.1329 3.1892 3.2027 3.0322 2.9453 2.8321 2.8097 2.833 2.8404 2.9121 3.0165 3.1194 3.0402 2.9514 2.808 2.7617 2.6977 2.7018 2.7157 2.7555 2.8022 2.8609 2.9452 2.9712 2.9449 2.9397 3.0753 3.3583 3.3478 3.3354 3.4657 3.5107 3.4449 3.3645
2.8569 2.8222 2.877 2.9781 3.1115 3.122 3.148 3.1211 3.1349 3.1113 2.8548 2.7593 2.7915 2.9687 2.8464 2.764 2.7806 2.8054 2.8519 2.9191 3.0761 3.3093 3.3067 3.1747 3.2613 3.1543 3.2008 3.2243 3.2224 3.0145 2.9614 2.9283 2.8632 2.7902 2.735 2.729 2.7335 2.7603 2.8392 2.884 2.9851 3.1379 3.0252 2.8682 2.7829 2.7321 2.7166 2.6978 2.7283 2.7693 2.8513 3.137 3.1981 3.1049 3.0235 2.8922 2.9919 3.2564 3.1781 3.1992 3.2676 3.1344 3.1101 3.0762
2.7414 2.7467 2.8167 2.9905 3.0093 3.0414 3.0341 3.0986 3.0308 2.9553 2.7842 2.7826 2.8113 2.8846 2.7877 2.7612 2.8079 2.8379 2.8714 2.8954 3.0203 3.219 3.1457 3.0747 3.0348 3.0312 2.9236 2.935 2.8669 2.7404 2.7271 2.7038 2.7108 2.6565 2.6697 2.6804 2.6965 2.7432 2.7979 2.8796 2.8678 2.9097 2.8994 2.8033 2.7236 2.71 2.7289 2.7304 2.7404 2.7666 2.849 3.1082 3.3576 3.1531 2.9046 2.8477 2.8519 2.8773 2.8708 2.9252 2.8833 2.8265 2.6653 2.7532
2.6559 2.6927 2.8424 2.992 2.9374 2.9467 3.0379 3.1786 3.0577 2.8463 2.7502 2.7335 2.7799 2.7435 2.7562 2.7745 2.7931 2.8024 2.8128 2.8305 2.8628 2.9502 2.9197 2.9063 2.8473 2.74 2.6728 2.615 2.6424 2.6053 2.6077 2.6134 2.6424 2.673 2.7153 2.7069 2.7648 2.8233 2.8383 2.8311 2.8094 2.795 2.7499 2.7349 2.7163 2.7364 2.7308 2.7304 2.7411 2.7574 2.824 2.9796 3.1711 2.9565 2.8112 2.768 2.7341 2.6836 2.6617 2.7176 2.6166 2.5073 2.459 2.4645
2.6021 2.7057 2.8157 2.8149 2.8325 2.8822 2.9833 3.2091 2.9955 2.7607 2.6601 2.6338 2.6437 2.6707 2.7303 2.7171 2.7249 2.748 2.7635 2.7396 2.768 2.7851 2.7033 2.6758 2.662 2.5971 2.5757 2.5574 2.5336 2.5761 2.5693 2.5983 2.632 2.7353 2.7328 2.7322 2.8126 2.8492 2.869 2.7979 2.8014 2.7606 2.7648 2.7375 2.7126 2.71 2.7086 2.7201 2.6835 2.6923 2.7163 2.8071 2.9072 2.8047 2.7002 2.6651 2.6569 2.5973 2.5666 2.5336 2.528 2.4302 2.4229 2.3879
2.5699 2.653 2.671 2.6735 2.7082 2.7522 2.7815 2.7821 2.7146 2.6186 2.5667 2.5643 2.5902 2.634 2.6206 2.6843 2.721 2.6379 2.6385 2.6518 2.6403 2.6251 2.623 2.5921 2.5504 2.5275 2.5224 2.5488 2.532 2.5578 2.6151 2.6434 2.6687 2.7594 2.7619 2.8024 2.8178 2.8643 2.845 2.8571 2.797 2.8106 2.7694 2.7601 2.7522 2.7039 2.6851 2.6722 2.6547 2.6231 2.639 2.6332 2.6434 2.6466 2.6014 2.572 2.5665 2.5458 2.4942 2.4815 2.4542 2.4402 2.4223 2.3864
2.5302 2.5399 2.5559 2.5804 2.611 2.6431 2.6147 2.5922 2.572 2.5543 2.5164 2.5142 2.5267 2.5301 2.5318 2.5466 2.5766 2.606 2.5885 2.5915 2.5952 2.5517 2.5405 2.5451 2.5387 2.5376 2.5365 2.5411 2.6335 2.659 2.6616 2.7688 2.8006 2.8402 2.8115 2.8857 2.9028 2.9133 2.9146 2.8979 2.881 2.8179 2.8157 2.8123 2.7388 2.7018 2.6975 2.69 2.633 2.5963 2.5939 2.5782 2.5581 2.5642 2.5828 2.5597 2.5319 2.5108 2.5037 2.4956 2.4893 2.5081 2.4704 2.4529
2.4842 2.4898 2.5209 2.5611 2.5675 2.5524 2.5207 2.507 2.4997 2.5095 2.5156 2.5093 2.519 2.5327 2.5252 2.5236 2.5478 2.5639 2.5435 2.5585 2.5554 2.5491 2.5551 2.573 2.5644 2.5947 2.6281 2.6383 2.7243 2.8354 2.8294 2.8889 2.9141 2.929 2.871 2.8851 2.9185 2.9376 2.9423 2.9254 2.9086 2.9038 2.8535 2.8151 2.7688 2.7649 2.7508 2.6891 2.6367 2.6395 2.6006 2.5901 2.5651 2.5612 2.5764 2.5624 2.5578 2.5689 2.5973 2.6375 2.5813 2.5985 2.6288 2.5743
2.4555 2.4796 2.4848 2.5053 2.5263 2.5082 2.4948 2.4891 2.4723 2.4662 2.5032 2.4977 2.5289 2.5056 2.53 2.5292 2.5259 2.544 2.5607 2.5622 2.5819 2.6004 2.6691 2.6553 2.6619 2.6672 2.717 2.8108 2.9038 3.1124 3.0751 3.0106 3.0842 3.0522 3.0892 3.0509 3.0612 3.1307 3.0701 3.0124 3.0271 3.0702 2.9762 2.9487 2.8902 2.9207 2.8766 2.8383 2.7318 2.7548 2.6803 2.6634 2.6897 2.6083 2.6106 2.6144 2.6439 2.6916 2.7354 2.8003 2.7488 2.6912 2.7238 2.7168
2.4385 2.478 2.4773 2.4773 2.492 2.5095 2.514 2.5042 2.5257 2.512 2.5291 2.5552 2.5789 2.5695 2.5697 2.5945 2.6081 2.6141 2.6312 2.6466 2.6645 2.704 2.7252 2.7192 2.7448 2.7824 2.8991 3.0826 3.2451 3.296 3.2329 3.1944 3.2279 3.3058 3.2899 3.3601 3.2559 3.3202 3.263 3.1795 3.067 3.1179 3.0989 3.0283 2.9974 2.9773 3.0715 2.9072 2.8228 2.7828 2.7936 2.7975 2.9194 2.9205 2.8433 2.7296 2.7559 2.8144 2.8878 2.9975 2.8989 2.8459 2.8699 2.8288
2.4475 2.484 2.4802 2.4895 2.5189 2.5222 2.5371 2.5504 2.5671 2.5943 2.62 2.641 2.688 2.6981 2.7168 2.7375 2.7552 2.7602 2.7686 2.7821 2.8128 2.8372 2.867 2.8742 2.9079 2.9746 3.0926 3.312 3.541 3.5586 3.4743 3.4285 3.5805 3.5128 3.4588 3.4544 3.3549 3.4332 3.3121 3.2202 3.1613 3.1947 3.1893 3.0678 3.0899 3.0257 3.0035 2.9315 2.9013 2.8564 2.8504 2.9423 3.1355 3.2087 3.187 3.0137 2.9819 3.1029 3.1677 3.1293 3.1125 3.0121 2.9485 3.0457
2.4725 2.5137 2.5385 2.5516 2.5937 2.621 2.6481 2.6736 2.7163 2.7271 2.7755 2.8473 2.912 2.8647 2.9882 3.0454 3.0501 3.0002 3.0057 3.003 2.9842 3.0235 3.0244 3.0722 3.1257 3.1569 3.241 3.3778 3.6215 3.6833 3.6334 3.5747 3.637 3.5095 3.419 3.4226 3.3914 3.39 3.3109 3.3314 3.2358 3.187 3.2152 3.1338 3.1062 3.0787 3.0628 3.0859 3.0713 3.0114 3.0239 3.0316 3.2039 3.2828 3.2201 3.1579 3.2167 3.3986 3.2473 3.2001 3.1999 3.2064 3.131 3.1419
2.5683 2.6398 2.6855 2.7245 2.7507 2.7877 2.8101 2.8293 2.8555 2.9248 2.9866 3.0632 3.1515 3.305 3.397 3.3799 3.4952 3.4236 3.3573 3.3049 3.3286 3.3124 3.4428 3.3654 3.404 3.3981 3.564 3.5758 3.6792 3.7179 3.6365 3.5936 3.6019 3.5108 3.4726 3.4535 3.4496 3.457 3.4286 3.3883 3.35 3.3332 3.4024 3.4179 3.315 3.2999 3.3069 3.3924 3.3661 3.2551 3.2141 3.2403 3.202 3.2997 3.3297 3.3237 3.3284 3.365 3.2939 3.3556 3.426 3.444 3.4162 3.4581
2.7582 2.8461 2.9415 3.0086 3.0205 3.0287 3.0657 3.0488 3.1063 3.1573 3.2249 3.4007 3.5789 3.8337 3.824 3.7426 3.7258 3.6982 3.7495 3.7642 3.7213 3.8026 3.7509 3.6941 3.7633 3.6805 3.772 3.842 3.7606 3.7068 3.7032 3.6762 3.6189 3.6137 3.6597 3.6429 3.6402 3.5662 3.5682 3.5111 3.4835 3.5312 3.5789 3.6818 3.6852 3.6679 3.7527 3.695 3.6932 3.6581 3.6622 3.6358 3.5048 3.5301 3.5313 3.5819 3.5802 3.4988 3.5418 3.8005 3.7941 3.8127 3.8105 3.7584
3.2351 3.2526 3.2992 3.3551 3.3299 3.4891 3.6006 3.5946 3.7108 3.7842 3.8096 3.8108 3.9626 4.1746 4.1525 4.102 4.0206 3.9285 4.1382 4.0993 4.0646 4.1194 4.0547 4.0817 4.0474 4.0539 4.0885 4.1053 3.9479 3.9617 4.028 4.1341 3.9559 3.9068 3.957 3.9648 3.9101 3.9168 3.8708 3.7736 3.6587 3.7738 3.8179 4.0184 4.0165 4.0697 4.1318 4.1079 4.0861 4.1773 4.1521 4.0153 3.8992 3.9889 3.9301 3.8385 3.8535 3.8453 4.0115 4.2289 4.1916 4.1333 4.1559 4.1422
3.9173 3.8934 3.864 3.7848 3.8603 4.0032 4.1279 4.1224 4.101 4.1489 4.1152 4.1844 4.2856 4.4245 4.532 4.4295 4.2939 4.2782 4.3894 4.4162 4.4318 4.4573 4.4297 4.4284 4.3695 4.3678 4.3125 4.3036 4.2857 4.3335 4.384 4.3859 4.2513 4.2231 4.2171 4.2617 4.2002 4.2527 4.2256 3.9852 3.9656 4.1536 4.1686 4.3376 4.3071 4.3509 4.381 4.3857 4.4267 4.572 4.5137 4.3377 4.3349 4.4032 4.25 4.1594 4.2236 4.2027 4.4697 4.6035 4.6345 4.473 4.5253 4.4502
4.254 4.2444 4.1573 4.0759 4.0186 4.0222 4.0261 4.0779 4.0981 4.2377 4.2638 4.2956 4.3692 4.3764 4.4508 4.5804 4.5027 4.4644 4.4593 4.5062 4.5014 4.5623 4.5631 4.6526 4.5887 4.4821 4.4743 4.5082 4.516 4.4777 4.5223 4.5108 4.3734 4.3449 4.3478 4.3804 4.3815 4.4268 4.4637 4.288 4.3249 4.3871 4.4096 4.4353 4.4513 4.4622 4.5661 4.5823 4.6745 4.761 4.8268 4.7316 4.677 4.5904 4.5864 4.575 4.4754 4.4388 4.5846 4.7422 4.7739 4.6926 4.708 4.7065
4.2058 4.2121 4.1698 4.0199 3.885 3.8248 3.814 3.8736 3.9649 4.0149 4.1011 4.0784 4.1013 4.0721 4.231 4.3537 4.4856 4.4265 4.3702 4.3434 4.4044 4.5187 4.5713 4.6285 4.6646 4.6569 4.5974 4.535 4.4233 4.437 4.4266 4.5082 4.4306 4.32 4.3596 4.3442 4.3939 4.4469 4.4691 4.4767 4.423 4.3351 4.4325 4.433 4.5153 4.4389 4.4591 4.3423 4.3527 4.4762 4.697 4.8113 4.7564 4.6273 4.5077 4.4745 4.4896 4.5598 4.591 4.6353 4.6499 4.6417 4.6282 4.794
4.0366 3.8836 3.8056 3.6594 3.5463 3.5668 3.6145 3.6726 3.7471 3.699 3.6807 3.6511 3.6724 3.7868 3.8869 4.005 4.0887 4.0954 4.0124 4.0341 4.1503 4.1411 4.2363 4.4337 4.4899 4.464 4.3698 4.2132 4.2207 4.218 4.228 4.2859 4.1791 4.1447 4.1633 4.1307 4.1605 4.1653 4.0852 4.0485 3.9936 3.9679 4.0888 4.295 4.1408 4.1484 4.047 4.0893 4.157 4.276 4.5001 4.7441 4.6151 4.4099 4.1858 4.0731 4.0873 4.1365 4.1528 4.2596 4.2572 4.3649 4.5068 4.554
3.7325 3.5335 3.3966 3.3179 3.2581 3.2855 3.4244 3.391 3.4183 3.4035 3.3527 3.3594 3.4184 3.4769 3.5414 3.6493 3.7027 3.6991 3.7799 3.7988 3.8329 3.8508 3.9309 4.0422 4.053 3.9593 3.9016 3.859 3.8666 3.8622 3.8979 3.8504 3.8184 3.8682 3.8871 3.9449 3.8463 3.8463 3.7968 3.719 3.7124 3.6871 3.7234 3.793 3.8232 3.8031 3.7746 3.8386 3.9133 3.9918 4.0532 4.2663 4.1389 3.9146 3.7992 3.7706 3.7932 3.8175 3.7987 3.8816 3.9951 4.0878 4.1057 4.0902
3.2916 3.2325 3.1036 3.1248 3.1084 3.2217 3.1825 3.1715 3.2 3.1821 3.2226 3.1859 3.3311 3.3159 3.345 3.3797 3.3639 3.5091 3.4946 3.5364 3.5237 3.5691 3.6229 3.7821 3.7351 3.7951 3.8295 3.6791 3.7768 3.6739 3.6265 3.6037 3.6025 3.6793 3.5555 3.51 3.5619 3.5216 3.6441 3.4582 3.5007 3.6018 3.5042 3.5406 3.5657 3.5241 3.6283 3.6184 3.7154 3.7202 3.6719 3.7419 3.6112 3.6504 3.5529 3.5291 3.5208 3.5681 3.6352 3.6263 3.6758 3.7132 3.8017 3.6686
3.0027 3.0054 2.9073 3.0492 3.0943 3.0162 3.1636 3.063 3.0597 2.9936 3.1289 3.1642 3.0725 3.0755 2.962 2.9979 2.8883 2.8709 3.0712 2.9942 3.0469 3.0932 2.9607 3.1914 3.1601 3.334 3.3843 3.2819 3.4437 3.4273 3.2259 3.2638 3.3056 3.2411 3.0765 3.2459 3.2044 3.1933 3.2939 3.2056 3.1849 3.2573 3.3024 3.2637 3.2245 3.247 3.2638 3.3698 3.292 3.2706 3.1897 3.2855 3.253 3.2709 3.248 3.4292 3.3181 3.2556 3.2652 3.2644 3.2268 3.3355 3.2425 3.2475
2.5102 2.5315 2.5788 2.6292 2.7175 2.6941 2.6743 2.703 2.7702 2.7844 2.8467 2.908 2.8348 2.6625 2.5232 2.5239 2.439 2.4223 2.3901 2.3913 2.4022 2.3655 2.4557 2.5105 2.6916 2.7291 2.7254 2.6471 2.7341 2.7262 2.6475 2.6282 2.7139 2.5983 2.623 2.7779 2.8039 2.754 3.0255 2.9063 2.8449 2.7573 2.7373 2.7205 2.7072 2.696 2.8002 2.833 2.7239 2.5713 2.5921 2.618 2.6249 2.7623 2.976 3.0185 3.0875 3.1047 2.9949 2.9137 2.814 2.9131 2.801 2.7676
2.2859 2.3119 2.316 2.4385 2.4559 2.4422 2.4174 2.4316 2.5086 2.6063 2.6829 2.6976 2.5405 2.3201 2.2387 2.1615 2.1656 2.1771 2.1006 2.0948 2.0978 2.1415 2.2199 2.2026 2.251 2.3407 2.2889 2.2433 2.3075 2.2366 2.2231 2.2829 2.3998 2.2882 2.2768 2.2799 2.2728 2.3426 2.395 2.4607 2.3758 2.3811 2.355 2.3038 2.3143 2.3524 2.3036 2.2555 2.2664 2.2589 2.1905 2.2537 2.2832 2.3956 2.4996 2.6019 2.5476 2.4388 2.4984 2.4915 2.473 2.4444 2.429 2.3976
2.2091 2.1516 2.2453 2.2738 2.2691 2.2563 2.3417 2.3632 2.3628 2.4254 2.5331 2.4746 2.277 2.1663 2.0243 2.0122 2.0474 2.0011 1.9429 1.9534 1.9849 2.0996 2.0206 1.9945 2.0172 2.0077 2.0777 2.1093 2.0445 2.0682 2.1123 2.1312 2.1145 2.0854 2.0323 2.0012 1.999 2.0437 2.0814 2.1277 2.158 2.1026 2.0754 2.0755 2.053 2.0363 2.0154 1.9945 2.0416 2.0071 2.0168 2.0408 2.052 2.2266 2.1914 2.0878 2.0706 2.1085 2.2448 2.1926 2.1708 2.224 2.1706 2.2195
2.1235 2.1443 2.1071 2.1587 2.1611 2.1503 2.1799 2.2382 2.1926 2.2413 2.2885 2.2019 2.1536 1.9789 1.918 1.9638 2.0144 1.9299 1.8714 1.8683 1.9122 1.9693 1.9367 1.946 1.9097 1.8799 1.9061 1.8783 1.8896 1.917 2.0124 2.0658 1.9323 1.907 1.8756 1.8612 1.8982 1.897 1.9236 1.9917 1.979 1.9277 1.9323 1.9399 1.9243 1.9068 1.8973 1.8815 1.8755 1.8749 1.8801 1.8634 1.8744 1.8992 1.8804 1.8832 1.8941 1.903 1.9647 1.9478 2.0031 2.0503 2.0471 2.0892
2.0831 2.0733 2.0506 2.026 2.0664 2.0958 2.1326 2.1456 2.0955 2.0411 2.0902 1.9625 1.9344 1.9034 1.8565 1.8535 1.8645 1.8562 1.8036 1.8081 1.859 1.8943 1.9366 1.8474 1.8639 1.792 1.7552 1.7621 1.7823 1.7964 1.8354 1.842 1.8034 1.7975 1.8384 1.8834 1.8648 1.8587 1.9064 1.9488 1.8991 1.8668 1.863 1.8565 1.8405 1.808 1.7924 1.7867 1.7904 1.7816 1.7799 1.7853 1.7913 1.806 1.8262 1.8743 1.8604 1.8703 1.8813 1.8895 1.9227 1.9291 1.9459 2.0095
2.0945 2.0666 2.0962 2.0241 2.0811 2.0492 2.0298 2.0326 1.9859 1.979 1.9719 1.8994 1.8972 1.8769 1.8931 1.9211 1.8994 1.8685 1.7893 1.7661 1.7804 1.826 1.78 1.7359 1.7133 1.6819 1.7026 1.7369 1.7183 1.7084 1.7234 1.7313 1.7535 1.8485 1.904 1.953 1.8973 1.8826 1.9258 1.8917 1.8987 1.8636 1.8396 1.8267 1.7944 1.7761 1.7593 1.7564 1.757 1.7648 1.7628 1.7578 1.7716 1.8024 1.8506 1.9476 1.9894 1.8731 1.8924 1.9127 1.9013 1.9444 1.9388 1.9637
2.0689 2.0596 2.0616 2.0405 2.0299 2.0147 1.9856 2.0045 1.9572 1.9138 1.9011 1.8809 1.9007 1.8726 1.8991 1.9345 1.8647 1.831 1.7842 1.7669 1.7756 1.76 1.7761 1.7123 1.6609 1.6679 1.6913 1.6806 1.6889 1.7115 1.7377 1.762 1.7738 1.8457 2.0456 2.0947 1.9918 1.9261 1.8731 1.8624 1.9174 1.86 1.8448 1.8526 1.8143 1.7946 1.7635 1.7494 1.7421 1.7861 1.7558 1.7541 1.7642 1.8084 2.0209 2.1403 1.9477 1.8938 1.8637 1.9772 1.9947 2.0359 2.0279 1.9944
2.0948 2.0457 2.0383 2.0168 2.0191 2.0197 2.0383 2.0587 2.0382 1.9878 1.9233 1.8681 1.8593 1.9103 2.005 2.0267 1.9737 1.8317 1.7775 1.7286 1.6966 1.6872 1.6992 1.6748 1.6536 1.6761 1.6803 1.6921 1.7189 1.7582 1.7898 1.801 1.8268 1.8777 2.0219 2.1137 1.9801 1.9176 1.8447 1.8333 1.8371 1.8862 1.9491 1.9372 1.8523 1.7792 1.7485 1.7418 1.7441 1.7453 1.7671 1.7826 1.8054 1.8942 2.1677 2.0325 1.9209 1.9188 2.0888 2.0935 2.1485 2.2313 2.2044 2.0872
2.1758 2.0643 2.0038 2.0138 2.0259 2.0267 2.0508 1.9978 2.0252 2.0137 1.8742 1.8402 1.841 1.9191 2.0111 2.1316 2.0035 1.8247 1.7269 1.6991 1.6815 1.6908 1.9564 1.6813 1.6842 1.6736 1.6798 1.7104 1.7605 1.8626 1.8244 1.8177 1.8742 1.8299 1.8759 1.9402 1.8607 1.8271 1.8461 1.844 1.8483 1.8744 1.9422 1.9259 1.8122 1.7814 1.7541 1.7443 1.7561 1.7604 1.7974 1.8129 1.8142 1.8863 1.9845 2.0944 2.0346 2.1745 2.4314 2.3346 2.4156 2.4623 2.2841 2.1384
2.3558 2.1485 2.0298 1.9857 1.9946 2.0116 1.9966 2.0579 2.0473 1.9643 1.8881 1.8445 1.8374 1.8874 1.9755 1.9966 1.9037 1.7274 1.6718 1.6669 1.6669 1.7354 1.9104 1.6966 1.6689 1.6732 1.7213 1.769 1.8085 1.8528 1.8154 1.7902 1.7751 1.771 1.7577 1.7936 1.8095 1.8833 1.9256 1.8735 1.8409 1.8349 1.8334 1.8119 1.7756 1.7536 1.7663 1.7713 1.7676 1.9104 1.953 1.8387 1.9194 2.0122 2.1545 2.2434 2.3199 2.4772 2.5821 2.5111 2.6281 2.5535 2.3327 2.1685
2.4227 2.2973 2.0111 1.9689 1.9559 1.99 2.0056 1.9858 1.9905 2.0242 1.887 1.8266 1.7837 1.7514 1.7635 1.8094 1.7613 1.6762 1.6505 1.6666 1.6437 1.6913 1.6998 1.7008 1.6868 1.6917 1.7487 1.8386 1.8427 1.7828 1.7739 1.7843 1.8004 1.7658 1.7892 1.785 1.7986 1.9619 1.9864 1.8723 1.8237 1.8069 1.7744 1.7778 1.7691 1.7912 1.7927 1.8351 1.8081 1.8477 2.0739 2.0328 2.1239 2.2481 2.4094 2.5708 2.7348 2.8539 2.7389 2.7006 2.5858 2.4714 2.3117 2.1807
2.2403 2.0862 1.9669 1.9036 1.9163 1.9689 1.9718 1.9547 1.9868 1.9517 1.8859 1.8208 1.782 1.763 1.7261 1.736 1.674 1.6585 1.6719 1.6559 1.6804 1.6757 1.7312 1.7052 1.7007 1.7161 1.7242 1.8888 1.7987 1.7875 1.7704 1.7591 1.7946 1.7945 1.8107 1.8584 1.9129 1.862 1.9519 1.8468 1.8364 1.779 1.7837 1.7889 1.8121 1.8426 1.9191 1.8717 1.8854 1.9332 2.0398 2.2064 2.3297 2.4491 2.7652 2.863 3.1232 3.0805 2.9024 2.7859 2.5783 2.4434 2.2774 2.1604
2.1036 2.0076 1.9357 1.8703 1.8552 1.8683 1.8704 1.8819 1.8949 1.8854 1.8551 1.804 1.8038 1.7487 1.697 1.6828 1.6517 1.6753 1.6876 1.6899 1.6974 1.7135 1.7372 1.7203 1.7359 1.7422 1.7383 1.7317 1.7674 1.8815 1.844 1.8224 1.8007 1.8126 1.8852 2.0281 2.0885 1.9254 1.8378 1.8187 1.8241 1.8004 1.82 1.8143 1.8254 1.8443 1.8642 1.8943 1.9545 2.0269 2.1727 2.4793 2.5715 2.5713 2.6596 2.6772 2.8301 2.9493 2.969 2.7102 2.5115 2.4484 2.2626 2.1747
2.1613 1.9872 1.91 1.8352 1.8179 1.8461 1.8425 1.9243 2.0282 1.9437 1.804 1.7832 1.7583 1.6909 1.6825 1.6764 1.6763 1.7108 1.6879 1.696 1.7079 1.683 1.7074 1.7286 1.7394 1.7664 1.7496 1.7623 1.7975 1.8809 1.8905 1.8592 1.8342 1.8089 1.8954 2.0262 2.0263 1.8625 1.8261 1.816 1.8201 1.8308 1.8284 1.8335 1.8556 1.8721 1.8711 1.9445 1.991 2.1357 2.2747 2.5586 2.6825 2.5526 2.5078 2.4531 2.4752 2.604 2.65 2.4797 2.4479 2.3306 2.2041 2.1682
2.1644 1.9376 1.8828 1.8908 1.8443 1.818 1.8644 1.9213 2.0528 1.9325 1.8377 1.7647 1.7868 1.7037 1.6982 1.7105 1.7285 1.7258 1.7486 1.7478 1.7573 1.7293 1.7413 1.759 1.7462 1.7652 1.7548 1.7682 1.8027 1.8699 1.9286 1.9926 1.9078 1.8164 1.8666 1.9439 1.8639 1.8431 1.8318 1.8312 1.8204 1.8475 1.8325 1.8781 1.8726 1.8901 1.9198 1.9852 2.0792 2.1857 2.2979 2.4461 2.5065 2.3378 2.3032 2.2561 2.2297 2.2843 2.3244 2.2766 2.1889 2.1205 2.0928 2.1239
1.9388 1.8611 1.856 1.8132 1.8164 1.8436 1.8309 1.8938 1.85 1.8206 1.7368 1.7566 1.759 1.7295 1.7235 1.7491 1.736 1.762 1.7315 1.7342 1.7358 1.747 1.7438 1.7791 1.7621 1.7644 1.7755 1.8036 1.843 1.875 1.936 2.0884 1.9801 1.8601 1.8449 1.8322 1.8268 1.8257 1.8266 1.8283 1.9075 1.8877 1.8872 1.8982 1.91 1.936 1.9936 2.0578 2.1628 2.2692 2.2098 2.2656 2.2189 2.1448 2.1251 2.1318 2.0821 2.1008 2.0531 1.9892 2.0208 2.0011 2.0762 2.098
1.8988 1.8299 1.7881 1.8158 1.7865 1.8045 1.8059 1.809 1.7798 1.7516 1.7951 1.7303 1.7426 1.7582 1.7508 1.7916 1.7686 1.7626 1.7698 1.7826 1.8099 1.8107 1.8129 1.8164 1.787 1.7911 1.7863 1.8304 1.959 1.96 1.926 1.9451 1.9152 1.8484 1.8601 1.8587 1.8304 1.8251 1.8513 1.8667 1.8714 1.9299 1.956 1.9835 2.0333 2.0886 2.1263 2.1948 2.275 2.3859 2.221 2.1099 2.0592 2.0288 2.0546 2.0948 1.9974 2 1.9664 1.9564 1.943 1.9493 2.0106 1.9706
1.8008 1.7681 1.7556 1.7765 1.7639 1.757 1.7869 1.7848 1.7891 1.7622 1.793 1.781 1.7928 1.7813 1.7829 1.7875 1.8033 1.7905 1.806 1.8171 1.9417 1.9252 1.8492 1.8842 1.8328 1.8335 1.8119 1.8334 1.9179 1.8969 1.8398 1.846 1.8135 1.82 1.8602 1.9139 1.853 1.9038 1.9237 1.9091 1.9153 1.9974 2.0795 2.2084 2.3014 2.4049 2.3317 2.378 2.376 2.3435 2.2348 2.1849 2.0155 1.9808 2.0052 2.0126 1.9774 1.9455 1.9491 1.9579 1.9483 2.0013 1.961 1.9471
1.7106 1.7219 1.7082 1.728 1.776 1.7719 1.7494 1.7664 1.7538 1.7615 1.8218 1.8013 1.7918 1.8341 1.8009 1.8577 1.8751 1.8721 1.8563 1.8647 1.9261 1.9708 1.9491 1.9267 1.8565 1.8524 1.8372 1.8837 1.9419 1.8931 1.831 1.8236 1.8269 1.8406 1.8553 1.9337 1.9149 1.9777 1.9569 1.9135 1.9165 2.014 2.2998 2.4145 2.4627 2.5482 2.5342 2.6937 2.6025 2.2948 2.2685 2.1347 2.0269 1.9991 1.9752 1.982 1.9441 1.9355 1.9433 1.9474 1.9583 1.9709 1.9513 1.9677
1.7395 1.7511 1.7349 1.7494 1.7511 1.7292 1.7595 1.738 1.754 1.78 1.8177 1.8045 1.8217 1.829 1.8977 2.0116 2.0908 2.0446 1.9641 1.9639 2.0068 2.0879 2.069 2.0697 1.9967 1.8788 1.8511 1.9379 2.1415 1.9156 1.8189 1.8164 1.8125 1.8293 1.8657 1.9115 2.0722 2.1098 1.9612 1.9218 1.9212 2.017 2.251 2.426 2.5876 2.71 2.6086 2.684 2.4922 2.3172 2.2044 2.1197 2.0407 2.0559 2.0047 1.9873 1.9915 1.9644 1.9489 1.9483 1.9479 1.9402 1.9482 1.9504
1.7428 1.7166 1.7562 1.7451 1.765 1.7785 1.7961 1.8152 1.7764 1.8151 1.8054 1.8281 1.8412 1.8742 2.0275 2.2643 2.3679 2.243 2.1084 2.0808 2.1489 2.1767 2.2032 2.2417 2.0145 1.8381 1.8319 1.8626 1.8935 1.8158 1.7922 1.8072 1.7936 1.8226 1.8588 1.9193 1.9779 1.9431 1.8733 1.8698 1.9129 1.9695 2.1663 2.5213 2.8437 2.7146 2.6191 2.5651 2.5612 2.4527 2.2998 2.208 2.1479 2.1867 2.1591 2.1143 2.0609 2.0118 1.9799 1.9675 1.9535 1.9547 1.9431 1.9461
1.756 1.7481 1.7514 1.7734 1.8043 1.7838 1.8084 1.8005 1.7965 1.8411 1.8493 1.8495 1.9196 1.9688 2.1548 2.4095 2.5129 2.3553 2.3193 2.3047 2.258 2.1781 2.1433 2.2791 1.8942 1.8229 1.8037 1.811 1.8537 1.8149 1.7986 1.8041 1.8074 1.8035 1.8137 1.8738 1.8876 1.8577 1.8733 1.8872 1.9248 1.9462 2.2178 2.6397 2.9536 2.7411 2.6359 2.6972 2.7618 2.7602 2.4889 2.3215 2.3623 2.4492 2.3433 2.3448 2.235 2.1238 2.0209 1.9727 1.9708 1.9636 1.9633 1.9585
1.7744 1.7791 1.7822 1.7927 1.7738 1.7689 1.8177 1.8011 1.8255 1.8547 1.8728 1.9016 1.9504 2.0606 2.3214 2.5934 2.5109 2.3799 2.4183 2.6212 2.3845 2.1612 2.0198 1.9159 1.8261 1.8044 1.8074 1.8278 1.8356 1.8537 1.8005 1.796 1.819 1.8206 1.803 1.8289 1.8187 1.8406 1.8521 1.8876 1.9137 1.9544 2.0826 2.3409 2.6289 2.7731 2.8297 2.8337 2.9025 2.7451 2.5518 2.4765 2.5604 2.6151 2.4166 2.5264 2.4032 2.2322 2.1006 2.0085 1.9551 1.9552 1.9507 1.9471
1.7881 1.7486 1.7882 1.7777 1.814 1.909 1.8637 1.8624 1.8817 1.8718 1.9226 1.9488 2.0607 2.1719 2.4983 2.6059 2.4467 2.2922 2.4081 2.7443 2.4195 2.1334 1.9809 1.833 1.8146 1.7939 1.7763 1.7985 1.8047 1.7939 1.7846 1.8 1.7892 1.8068 1.8321 1.8256 1.8536 1.8315 1.8525 1.8863 1.9266 1.9155 1.9621 2.1205 2.4914 2.5625 2.8165 2.9205 3.0113 2.7725 2.6906 2.5893 2.4998 2.4198 2.3215 2.2736 2.2336 2.1667 2.0819 2.0344 1.9817 1.9626 1.9681 1.9957
1.7731 1.7812 1.7821 1.7861 1.8342 1.8576 1.9306 1.8906 1.8539 1.9775 2.1264 2.1648 2.1477 2.1882 2.4336 2.5201 2.3012 2.1664 2.3231 2.6282 2.4758 2.0567 1.908 1.8296 1.7896 1.8025 1.7659 1.7841 1.8172 1.844 1.8478 1.8273 1.8277 1.8116 1.8352 1.8279 1.8287 1.8641 1.8387 1.8688 1.895 1.8792 1.8982 1.9729 2.0306 2.1858 2.3831 2.4847 2.8184 2.8445 2.6971 2.6378 2.3914 2.2881 2.1778 2.1645 2.1293 2.1292 2.1093 2.0602 2.013 2.0142 2.0345 2.0912
1.7702 1.8056 1.7829 1.7924 1.8063 1.8716 1.982 1.95 1.9739 2.1071 2.3238 2.3649 2.1337 2.2094 2.3114 2.3786 2.1731 2.0742 2.1942 2.3543 2.2793 2.0862 1.883 1.8291 1.7838 1.7924 1.7809 1.7685 1.824 1.9 1.8983 1.7921 1.7773 1.7978 1.8415 1.8673 1.892 1.8268 1.8211 1.8265 1.828 1.8503 1.8624 1.8585 1.9333 2.0057 2.0656 2.2483 2.3299 2.5319 2.4024 2.243 2.2002 2.1157 2.0968 2.142 2.2701 2.2811 2.1941 2.1937 2.1615 2.1171 2.1345 2.2233
1.8003 1.79 1.8261 1.8383 1.8744 1.9154 1.9589 2.0275 2.0692 2.2308 2.5092 2.4972 2.1775 2.0785 2.2252 2.1988 1.9895 1.9694 1.9541 2.0358 2.0776 1.8546 1.7578 1.7398 1.7991 1.7901 1.7526 1.7917 1.7786 1.7851 1.8254 1.7798 1.7869 1.8014 1.8042 1.8813 1.8894 1.8258 1.787 1.8183 1.8526 1.8042 1.8148 1.8202 1.8546 1.8765 1.9024 1.9733 2.0954 2.0104 1.9798 1.9651 1.9512 1.9687 2.1517 2.3782 2.5193 2.54 2.3966 2.5067 2.4789 2.2997 2.2767 2.3783
1.7917 1.7867 1.7949 1.8408 1.9568 2.055 2.1051 2.1055 2.2563 2.3568 2.4451 2.5186 2.2588 2.0353 2.0283 1.9369 1.878 1.8458 1.7954 1.8444 1.8044 1.777 1.7581 1.7191 1.7583 1.8147 1.8083 1.7592 1.7502 1.7553 1.7991 1.777 1.8321 1.7832 1.7977 1.7875 1.8155 1.8047 1.8252 1.8826 1.896 1.8431 1.8034 1.8078 1.8062 1.8059 1.8294 1.9323 1.9719 1.9006 1.8611 1.8649 1.9311 2.0162 2.1177 2.3846 2.4643 2.5878 2.4501 2.505 2.843 2.5731 2.4331 2.5517
1.8264 1.7592 1.8131 1.9546 2.0585 2.2672 2.3016 2.3371 2.4701 2.5005 2.5203 2.3455 2.166 2.0194 1.8781 1.8314 1.7817 1.7773 1.7594 1.7897 1.6503 1.7379 1.7187 1.7423 1.7514 1.7825 1.7938 1.8154 1.748 1.7595 1.7702 1.7661 1.763 1.7608 1.7551 1.7463 1.7652 1.7882 1.8749 2.0025 2.0129 1.9101 1.7986 1.7783 1.7938 1.7981 1.8219 1.8118 1.8213 1.8231 1.8487 1.9014 2.0233 2.0823 2.1653 2.1822 2.2454 2.4082 2.3353 2.4094 2.8296 2.851 2.619 2.7052
1.9462 1.9261 1.7098 1.9059 2.1553 2.4094 2.5773 2.3938 2.377 2.3706 2.0058 2.0571 1.8918 1.8798 1.7897 1.8342 1.7693 1.7669 1.7569 1.812 1.7824 1.7935 1.945 1.7556 1.7319 1.7301 1.8029 1.7249 1.7101 1.7198 1.7544 1.7695 1.7836 1.777 1.7901 1.7542 1.7398 1.8044 1.8501 1.9697 2.0337 1.895 1.8055 1.8021 1.7701 1.7971 1.7826 1.7739 1.8153 1.7984 1.8303 1.926 2.1877 2.2826 2.2523 2.2175 2.1965 2.2245 2.2533 2.4153 2.6848 2.829 2.7855 2.9104
2.1817 1.9761 1.7865 1.9021 2.0579 2.2487 2.4554 2.3659 2.1671 2.247 1.9969 1.7569 1.7034 1.8347 1.8077 1.8362 1.82 1.8247 1.828 2.0539 2.0493 1.9403 1.9949 1.7943 1.7284 1.7155 1.7647 1.8037 1.7334 1.7469 1.7805 1.7484 1.8232 1.8706 1.8594 1.7546 1.7739 1.7725 1.7557 1.8165 1.9211 1.847 1.7838 1.7855 1.7875 1.7755 1.7465 1.7992 1.7856 1.8028 1.8516 1.9263 2.1354 2.4144 2.4133 2.3309 2.1401 2.0859 2.1705 2.4532 2.7829 2.5752 2.6676 2.7135
