0 0 0 0 0 0 0 0 0 0 0 0 0 0 0 0 0 0 0 0 0 0 0 0 0 0 0 0 0 0 0 0 0 0 0 0 0 0 0 0 0 0 0 0 0 0 0 0 0 0 0 0 0 0 0 0 0 0 0 0 0 0 0 0
0 0 0 0 0 0 0 0 0 0 0 0 0 0 0 0 0 0 0 0 0 0 0 0 0 0 0 0 0 0 0 0 0 0 0 0 0 0 0 0 0 0 0 0 0 0 0 0 0 0 0 0 0 0 0 0 0 0 0 0 0 0 0 0
0 0 0 0 0 0 0 0 0 0 0 0 0 0 0 0 0 0 0 0 0 0 0 0 0 0 0 0 0 0 0 0 0 0 0 0 0 0 0 0 0 0 0 0 0 0 0 0 0 0 0 0 0 0 0 0 0 0 0 0 0 0 0 0
0 0 0 0 0 0 0 0 0 0 0 0 0 0 0 0 0 0 0 0 0 0 0 0 0 0 0 0 0 0 0 0 0 0 0 0 0 0 0 0 0 0 0 0 0 0 0 0 0 0 0 0 0 0 0 0 0 0 0 0 0 0 0 0
0 0 0 0 0 0 0 0 0 0 0 0 0 0 0 0 0 0 0 0 0 0 0 0 0 0 0 0 0 0 0 0 0 0 0 0 0 0 0 0 0 0 0 0 0 0 0 0 0 0 0 0 0 0 0 0 0 0 0 0 0 0 0 0
0 0 0 0 0 0 0 0 0 0 0 0 0 0 0 0 0 0 0 0 0 0 0 0 0 0 0 0 0 0 0 0 0 0 0 0 0 0 0 0 0 0 0 0 0 0 0 0 0 0 0 0 0 0 0 0 0 0 0 0 0 0 0 0
0 0 0 0 0 0 0 0 0 0 0 0 0 0 0 0 0 0 0 0 0 0 0 0 0 0 0 0 0 0 0 0 0 0 0 0 0 0 0 0 0 0 0 0 0 0 0 0 0 0 0 0 0 0 0 0 0 0 0 0 0 0 0 0
0 0 0 0 0 0 0 0 0 0 0 0 0 0 0 0 0 0 0 0 0 0 0 0 0 0 0 0 0 0 0 0 0 0 0 0 0 0 0 0 0 0 0 0 0 0 0 0 0 0 0 0 0 0 0 0 0 0 0 0 0 0 0 0
0 0 0 0 0 0 0 0 0 0 0 0 0 0 0 0 0 0 0 0 0 0 0 0 0 0 0 0 0 0 0 0 0 0 0 0 0 0 0 0 0 0 0 0 0 0 0 0 0 0 0 0 0 0 0 0 0 0 0 0 0 0 0 0
0 0 0 0 0 0 0 0 0 0 0 0 0 0 0 0 0 0 0 0 0 0 0 0 0 0 0 0 0 0 0 0 0 0 0 0 0 0 0 0 0 0 0 0 0 0 0 0 0 0 0 0 0 0 0 0 0 0 0 0 0 0 0 0
0 0 0 0 0 0 0 0 0 0 0 0 0 0 0 0 0 0 0 0 0 0 0 0 0 0 0 0 0 0 0 0 0 0 0 0 0 0 0 0 0 0 0 0 0 0 0 0 0 0 0 0 0 0 0 0 0 0 0 0 0 0 0 0
0 0 0 0 0 0 0 0 0 0 0 0 0 0 0 0 0 0 0 0 0 0 0 0 0 0 0 0 0 0 0 0 0 0 0 0 0 0 0 0 0 0 0 0 0 0 0 0 0 0 0 0 0 0 0 0 0 0 0 0 0 0 0 0
0 0 0 0 0 0 0 0 0 0 0 0 0 0 0 0 0 0 0 0 0 0 0 0 0 0 0 0 0 0 0 0 0 0 0 0 0 0 0 0 0 0 0 0 0 0 0 0 0 0 0 0 0 0 0 0 0 0 0 0 0 0 0 0
0 0 0 0 0 0 0 0 0 0 0 0 0 0 0 0 0 0 0 0 0 0 0 0 0 0 0 0 0 0 0 0 0 0 0 0 0 0 0 0 0 0 0 0 0 0 0 0 0 0 0 0 0 0 0 0 0 0 0 0 0 0 0 0
0 0 0 0 0 0 0 0 0 0 0 0 0 0 0 0 0 0 0 0 0 0 0 0 0 0 0 0 0 0 0 0 0 0 0 0 0 0 0 0 0 0 0 0 0 0 0 0 0 0 0 0 0 0 0 0 0 0 0 0 0 0 0 0
0 0 0 0 0 0 0 0 0 0 0 0 0 0 0 0 0 0 0 0 0 0 0 0 0 0 0 0 0 0 0 0 0 0 0 0 0 0 0 0 0 0 0 0 0 0 0 0 0 0 0 0 0 0 0 0 0 0 0 0 0 0 0 0
0 0 0 0 0 0 0 0 0 0 0 0 0 0 0 0 0 0 0 0 0 0 0 0 0 0 0 0 0 0 0 0 0 0 0 0 0 0 0 0 0 0 0 0 0 0 0 0 0 0 0 0 0 0 0 0 0 0 0 0 0 0 0 0
0 0 0 0 0 0 0 0 0 0 0 0 0 0 0 0 0 0 0 0 0 0 0 0 0 0 0 0 0 0 0 0 0 0 0 0 0 0 0 0 0 0 0 0 0 0 0 0 0 0 0 0 0 0 0 0 0 0 0 0 0 0 0 0
0 0 0 0 0 0 0 0 0 0 0 0 0 0 0 0 0 0 0 0 0 0 0 0 0 0 0 0 0 0 0 0 0 0 0 0 0 0 0 0 0 0 0 0 0 0 0 0 0 0 0 0 0 0 0 0 0 0 0 0 0 0 0 0
0 0 0 0 0 0 0 0 0 0 0 0 0 0 0 0 0 0 0 0 0 0 0 0 0 0 0 0 0 0 0 0 0 0 0 0 0 0 0 0 0 0 0 0 0 0 0 0 0 0 0 0 0 0 0 0 0 0 0 0 0 0 0 0
0 0 0 0 0 0 0 0 0 0 0 0 0 0 0 0 0 0 0 0 0 0 0 0 0 0 0 0 0 0 0 0 0 0 0 0 0 0 0 0 0 0 0 0 0 0 0 0 0 0 0 0 0 0 0 0 0 0 0 0 0 0 0 0
0 0 0 0 0 0 0 0 0 0 0 0 0 0 0 0 0 0 0 0 0 0 0 0 0 0 0 0 0 0 0 0 0 0 0 0 0 0 0 0 0 0 0 0 0 0 0 0 0 0 0 0 0 0 0 0 0 0 0 0 0 0 0 0
0 0 0 0 0 0 0 0 0 0 0 0 0 0 0 0 0 0 0 0 0 0 0 0 0 0 0 0 0 0 0 0 0 0 0 0 0 0 0 0 0 0 0 0 0 0 0 0 0 0 0 0 0 0 0 0 0 0 0 0 0 0 0 0
0 0 0 0 0 0 0 0 0 0 0 0 0 0 0 0 0 0 0 0 0 0 0 0 0 0 0 0 0 0 0 0 0 0 0 0 0 0 0 0 0 0 0 0 0 0 0 0 0 0 0 0 0 0 0 0 0 0 0 0 0 0 0 0
0 0 0 0 0 0 0 0 0 0 0 0 0 0 0 0 0 0 0 0 0 0 0 0 0 0 0 0 0 0 0 0 0 0 0 0 0 0 0 0 0 0 0 0 0 0 0 0 0 0 0 0 0 0 0 0 0 0 0 0 0 0 0 0
0 0 0 0 0 0 0 0 0 0 0 0 0 0 0 0 0 0 0 0 0 0 0 0 0 0 0 0 0 0 0 0 0 0 0 0 0 0 0 0 0 0 0 0 0 0 0 0 0 0 0 0 0 0 0 0 0 0 0 0 0 0 0 0
0 0 0 0 0 0 0 0 0 0 0 0 0 0 0 0 0 0 0 0 0 0 0 0 0 0 0 0 0 0 0 0 0 0 0 0 0 0 0 0 0 0 0 0 0 0 0 0 0 0 0 0 0 0 0 0 0 0 0 0 0 0 0 0
0 0 0 0 0 0 0 0 0 0 0 0 0 0 0 0 0 0 0 0 0 0 0 0 0 0 0 0 0 0 0 0 0 0 0 0 0 0 0 0 0 0 0 0 0 0 0 0 0 0 0 0 0 0 0 0 0 0 0 0 0 0 0 0
0 0 0 0 0 0 0 0 0 0 0 0 0 0 0 0 0 0 0 0 0 0 0 0 0 0 0 0 0 0 0 0 0 0 0 0 0 0 0 0 0 0 0 0 0 0 0 0 0 0 0 0 0 0 0 0 0 0 0 0 0 0 0 0
0 0 0 0 0 0 0 0 0 0 0 0 0 0 0 0 0 0 0 0 0 0 0 0 0 0 0 0 0 0 0 0 0 0 0 0 0 0 0 0 0 0 0 0 0 0 0 0 0 0 0 0 0 0 0 0 0 0 0 0 0 0 0 0
0 0 0 0 0 0 0 0 0 0 0 0 0 0 0 0 0 0 0 0 0 0 0 0 0 0 0 0 0 0 0 0 0 0 0 0 0 0 0 0 0 0 0 0 0 0 0 0 0 0 0 0 0 0 0 0 0 0 0 0 0 0 0 0
0 0 0 0 0 0 0 0 0 0 0 0 0 0 0 0 0 0 0 0 0 0 0 0 0 0 0 0 0 0 0 0 0 0 0 0 0 0 0 0 0 0 0 0 0 0 0 0 0 0 0 0 0 0 0 0 0 0 0 0 0 0 0 0
0 0 0 0 0 0 0 0 0 0 0 0 0 0 0 0 0 0 0 0 0 0 0 0 0 0 0 0 0 0 0 0 0 0 0 0 0 0 0 0 0 0 0 0 0 0 0 0 0 0 0 0 0 0 0 0 0 0 0 0 0 0 0 0
0 0 0 0 0 0 0 0 0 0 0 0 0 0 0 0 0 0 0 0 0 0 0 0 0 0 0 0 0 0 0 0 0 0 0 0 0 0 0 0 0 0 0 0 0 0 0 0 0 0 0 0 0 0 0 0 0 0 0 0 0 0 0 0
0 0 0 0 0 0 0 0 0 0 0 0 0 0 0 0 0 0 0 0 0 0 0 0 0 0 0 0 0 0 0 0 0 0 0 0 0 0 0 0 0 0 0 0 0 0 0 0 0 0 0 0 0 0 0 0 0 0 0 0 0 0 0 0
0 0 0 0 0 0 0 0 0 0 0 0 0 0 0 0 0 0 0 0 0 0 0 0 0 0 0 0 0 0 0 0 0 0 0 0 0 0 0 0 0 0 0 0 0 0 0 0 0 0 0 0 0 0 0 0 0 0 0 0 0 0 0 0
0 0 0 0 0 0 0 0 0 0 0 0 0 0 0 0 0 0 0 0 0 0 0 0 0 0 0 0 0 0 0 0 0 0 0 0 0 0 0 0 0 0 0 0 0 0 0 0 0 0 0 0 0 0 0 0 0 0 0 0 0 0 0 0
0 0 0 0 0 0 0 0 0 0 0 0 0 0 0 0 0 0 0 0 0 0 0 0 0 0 0 0 0 0 0 0 0 0 0 0 0 0 0 0 0 0 0 0 0 0 0 0 0 0 0 0 0 0 0 0 0 0 0 0 0 0 0 0
0 0 0 0 0 0 0 0 0 0 0 0 0 0 0 0 0 0 0 0 0 0 0 0 0 0 0 0 0 0 0 0 0 0 0 0 0 0 0 0 0 0 0 0 0 0 0 0 0 0 0 0 0 0 0 0 0 0 0 0 0 0 0 0
0 0 0 0 0 0 0 0 0 0 0 0 0 0 0 0 0 0 0 0 0 0 0 0 0 0 0 0 0 0 0 0 0 0 0 0 0 0 0 0 0 0 0 0 0 0 0 0 0 0 0 0 0 0 0 0 0 0 0 0 0 0 0 0
0 0 0 0 0 0 0 0 0 0 0 0 0 0 0 0 0 0 0 0 0 0 0 0 0 0 0 0 0 0 0 0 0 0 0 0 0 0 0 0 0 0 0 0 0 0 0 0 0 0 0 0 0 0 0 0 0 0 0 0 0 0 0 0
0 0 0 0 0 0 0 0 0 0 0 0 0 0 0 0 0 0 0 0 0 0 0 0 0 0 0 0 0 0 0 0 0 0 0 0 0 0 0 0 0 0 0 0 0 0 0 0 0 0 0 0 0 0 0 0 0 0 0 0 0 0 0 0
0 0 0 0 0 0 0 0 0 0 0 0 0 0 0 0 0 0 0 0 0 0 0 0 0 0 0 0 0 0 0 0 0 0 0 0 0 0 0 0 0 0 0 0 0 0 0 0 0 0 0 0 0 0 0 0 0 0 0 0 0 0 0 0
0 0 0 0 0 0 0 0 0 0 0 0 0 0 0 0 0 0 0 0 0 0 0 0 0 0 0 0 0 0 0 0 0 0 0 0 0 0 0 0 0 0 0 0 0 0 0 0 0 0 0 0 0 0 0 0 0 0 0 0 0 0 0 0
0 0 0 0 0 0 0 0 0 0 0 0 0 0 0 0 0 0 0 0 0 0 0 0 0 0 0 0 0 0 0 0 0 0 0 0 0 0 0 0 0 0 0 0 0 0 0 0 0 0 0 0 0 0 0 0 0 0 0 0 0 0 0 0
0 0 0 0 0 0 0 0 0 0 0 0 0 0 0 0 0 0 0 0 0 0 0 0 0 0 0 0 0 0 0 0 0 0 0 0 0 0 0 0 0 0 0 0 0 0 0 0 0 0 0 0 0 0 0 0 0 0 0 0 0 0 0 0
0 0 0 0 0 0 0 0 0 0 0 0 0 0 0 0 0 0 0 0 0 0 0 0 0 0 0 0 0 0 0 0 0 0 0 0 0 0 0 0 0 0 0 0 0 0 0 0 0 0 0 0 0 0 0 0 0 0 0 0 0 0 0 0
0 0 0 0 0 0 0 0 0 0 0 0 0 0 0 0 0 0 0 0 0 0 0 0 0 0 0 0 0 0 0 0 0 0 0 0 0 0 0 0 0 0 0 0 0 0 0 0 0 0 0 0 0 0 0 0 0 0 0 0 0 0 0 0
0 0 0 0 0 0 0 0 0 0 0 0 0 0 0 0 0 0 0 0 0 0 0 0 0 0 0 0 0 0 0 0 0 0 0 0 0 0 0 0 0 0 0 0 0 0 0 0 0 0 0 0 0 0 0 0 0 0 0 0 0 0 0 0
0 0 0 0 0 0 0 0 0 0 0 0 0 0 0 0 0 0 0 0 0 0 0 0 0 0 0 0 0 0 0 0 0 0 0 0 0 0 0 0 0 0 0 0 0 0 0 0 0 0 0 0 0 0 0 0 0 0 0 0 0 0 0 0
0 0 0 0 0 0 0 0 0 0 0 0 0 0 0 0 0 0 0 0 0 0 0 0 0 0 0 0 0 0 0 0.0083333 0 0 0 0 0 0 0 0 0 0 0 0 0 0 0 0 0 0 0 0 0 0 0 0 0 0 0 0 0 0 0 0
0 0 0 0 0 0 0 0 0 0 0 0 0 0 0 0 0 0 0 0 0 0 0 0 0 0 0 0 0 0 0 0 0 0 0 0 0 0 0 0 0 0 0 0 0 0 0 0 0 0 0 0 0 0 0 0 0 0 0 0 0 0 0 0
0 0 0 0 0 0 0 0 0 0 0 0 0 0 0 0 0 0 0 0 0 0 0 0 0 0 0 0 0 0 0 0 0 0 0 0 0 0 0 0 0 0 0 0 0 0 0 0 0 0 0 0 0 0 0 0 0 0 0 0 0 0 0 0
0 0 0 0 0 0 0 0 0 0 0 0 0 0 0 0 0 0 0 0 0 0 0 0 0 0 0 0 0 0 0 0 0 0 0 0 0 0 0 0 0 0 0 0 0 0 0 0 0 0 0 0 0 0 0 0 0 0 0 0 0 0 0 0
0 0 0 0 0 0 0 0 0 0 0 0 0 0 0 0 0 0 0 0 0 0 0 0 0 0 0 0 0 0 0 0 0 0 0 0 0 0 0 0 0 0 0 0 0 0 0 0 0 0 0 0 0 0 0 0 0 0 0 0 0 0 0 0
0 0 0 0 0 0 0 0 0 0 0 0 0 0 0 0 0 0 0 0 0 0 0 0 0 0 0 0 0 0 0 0 0 0 0 0 0 0 0 0 0 0 0 0 0 0 0 0 0 0 0 0 0 0 0 0 0 0 0 0 0 0 0 0
0 0 0 0 0 0 0 0 0 0 0 0 0 0 0 0 0 0 0 0 0 0 0 0 0 0 0 0 0 0 0 0 0 0 0 0 0 0 0 0 0 0 0 0 0 0 0 0 0 0 0 0 0 0 0 0 0 0 0 0 0 0 0 0
0 0 0 0 0 0 0 0 0 0 0 0 0 0 0 0 0 0 0 0 0 0 0 0 0 0 0 0 0 0 0 0 0 0 0 0 0 0 0 0 0 0 0 0 0 0 0 0 0 0 0 0 0 0 0 0 0 0 0 0 0 0 0 0
0 0 0 0 0 0 0 0 0 0 0 0 0 0 0 0 0 0 0 0 0 0 0 0 0 0 0 0 0 0 0 0 0 0 0 0 0 0 0 0 0 0 0 0 0 0 0 0 0 0 0 0 0 0 0 0 0 0 0 0 0 0 0 0
0 0 0 0 0 0 0 0 0 0 0 0 0 0 0 0 0 0 0 0 0 0 0 0 0 0 0 0 0 0 0 0 0 0 0 0 0 0 0 0 0 0 0 0 0 0 0 0 0 0 0 0 0 0 0 0 0 0 0 0 0 0 0 0
0 0 0 0 0 0 0 0 0 0 0 0 0 0 0 0 0 0 0 0 0 0 0 0 0 0 0 0 0 0 0 0 0 0 0 0 0 0 0 0 0 0 0 0 0 0 0 0 0 0 0 0 0 0 0 0 0 0 0 0 0 0 0 0
0 0 0 0 0 0 0 0 0 0 0 0 0 0 0 0 0 0 0 0 0 0 0 0 0 0 0 0 0 0 0 0 0 0 0 0 0 0 0 0 0 0 0 0 0 0 0 0 0 0 0 0 0 0 0 0 0 0 0 0 0 0 0 0
0 0 0 0 0 0 0 0 0 0 0 0 0 0 0 0 0 0 0 0 0 0 0 0 0 0 0 0 0 0 0 0 0 0 0 0 0 0 0 0 0 0 0 0 0 0 0 0 0 0 0 0 0 0 0 0 0 0 0 0 0 0 0 0
0 0 0 0 0 0 0 0 0 0 0 0 0 0 0 0 0 0 0 0 0 0 0 0 0 0 0 0 0 0 0 0 0 0 0 0 0 0 0 0 0 0 0 0 0 0 0 0 0 0 0 0 0 0 0 0 0 0 0 0 0 0 0 0
0 0 0 0 0 0 0 0 0 0 0 0 0 0 0 0 0 0 0 0 0 0 0 0 0 0 0 0 0 0 0 0 0 0 0 0 0 0 0 0 0 0 0 0 0 0 0 0 0 0 0 0 0 0 0 0 0 0 0 0 0 0 0 0
0 0 0 0 0 0 0 0 0 0 0 0 0 0 0 0 0 0 0 0 0 0 0 0 0 0 0 0 0 0 0 0.183 0 0 0 0 0 0 0 0 0 0 0 0 0 0 0 0 0 0 0 0 0 0 0 0 0 0 0 0 0 0 0 0
0 0 0 0 0 0 0 0 0 0 0 0 0 0 0 0 0 0 0 0 0 0 0 0 0 0 0 0 0 0.27742 0.40104 0 0 0 0 0 0 0 0 0 0 0 0 0 0 0 0 0 0 0 0 0 0 0 0 0 0 0 0 0 0 0 0 0
0.070889 0.11818 0 0 0 0 0 0 0 0 0 0 0 0 0 0 0 0 0 0 0 0 0 0 0 0 0 0 0 0 0.24653 0.029289 0 0 0 0 0 0 0 0 0 0 0 0 0 0 0 0 0 0 0 0 0 0 0 0 0 0 0 0 0 0 0 0
0 0 0 0 0 0 0 0 0 0 0 0 0 0 0 0 0 0 0 0 0 0 0 0 0 0 0 0 0 0 0.31084 0 0 0 0 0 0 0 0 0 0 0 0 0 0 0 0 0 0 0 0 0 0 0 0 0 0 0 0 0 0 0 0 0
0 0 0 0 0 0 0 0 0 0 0 0 0 0 0 0 0 0 0 0 0 0 0 0 0 0 0 0 0 0 0 0 0 0 0 0 0 0 0 0 0 0 0 0 0 0 0 0 0 0 0 0 0 0 0 0 0 0 0 0 0 0 0 0
0 0 0 0 0 0 0 0 0 0 0 0 0 0 0 0 0 0 0 0 0 0 0 0 0 0 0 0 0 0 0 0 0 0 0 0 0 0 0 0 0 0 0 0 0 0 0 0 0 0 0 0 0 0 0 0 0 0 0 0 0 0 0 0.026822
0 0 0 0 0 0 0 0 0 0 0 0 0 0 0 0 0 0 0 0 0 0 0 0 0 0 0 0 0 0 0 0 0 0 0 0 0 0 0 0 0 0 0.030044 0.1336 0.025067 0 0 0 0 0 0 0 0 0 0 0 0 0 0 0 0 0 0 0
0 0 0 0 0 0 0.14804 0 0.20913 0 0 0 0 0 0 0 0 0 0 0 0 0 0 0 0 0 0 0 0 0 0 0 0 0 0 0 0 0 0 0 0 0 0.15089 0.24831 0.096689 0 0 0 0 0 0 0 0 0 0 0 0 0 0 0 0 0 0 0
0 0 0 0 0.29902 0 0.0726 0.22489 0.14218 0.12942 0 0 0 0 0 0 0 0 0 0 0 0 0 0.010022 0.33224 0.11802 0 0 0 0 0 0 0.11942 0 0 0 0 0 0 0 0 0 0 0 0.074978 0 0 0 0 0 0 0 0 0 0 0 0 0 0 0 0.061089 0 0 0
0 0 0 0 0 0 0.26562 0.17153 0.044133 0.45313 0.0472 0 0 0 0 0 0 0 0 0 0 0 0 0 0.15929 0 0 0 0 0 0 0.047844 0.38707 0.28322 0 0 0 0 0 0 0 0 0 0 0 0 0 0 0 0 0 0 0 0 0 0 0 0 0 0 0 0.010422 0 0
0 0 0 0 0 0 0.20313 0.15833 0.015778 0 0 0 0 0 0 0 0 0 0 0 0 0.066756 0 0.26656 0.30578 0.13573 0 0 0 0 0 0 0 0 0 0 0 0 0 0 0 0.22816 0 0 0 0 0 0 0 0 0 0 0 0 0 0 0 0.092756 0 0 0 0 0 0
0 0 0 0 0 0 0 0 0 0 0 0 0 0.20542 0 0 0 0 0 0 0 0.19949 0.065489 0 0.20311 0 0 0 0 0 0 0 0 0 0 0 0 0 0 0 0 0 0 0 0 0 0 0 0 0 0 0.046533 0.040622 0 0 0 0 0.059867 0 0 0 0.031489 0 0.0095556
0 0 0 0 0 0 0 0 0 0 0 0 0 0 0 0 0 0 0 0 0 0.11738 0.085267 0 0 0 0 0 0 0 0 0 0 0 0 0 0 0 0 0 0 0 0 0 0 0 0 0 0 0 0 0 0 0.14173 0 0 0 0 0 0 0 0 0 0
0 0 0 0 0 0 0 0 0 0 0 0 0 0 0 0 0 0 0 0 0 0 0 0 0 0 0 0 0 0 0 0 0 0 0 0 0 0 0 0 0 0 0 0 0 0 0 0 0 0 0 0 0 0 0 0 0 0 0 0 0 0 0 0
0 0 0 0 0 0 0 0.30973 0 0 0 0 0 0 0 0 0 0 0 0 0 0 0 0 0 0 0 0 0 0 0 0 0 0 0 0 0 0 0 0 0 0 0 0 0 0 0 0 0 0 0 0 0 0 0 0 0 0 0 0 0 0 0 0
0 0 0 0 0 0 0 0 0 0 0 0 0 0 0 0 0.033711 0 0 0 0 0 0 0 0 0 0 0 0 0 0 0 0 0 0 0 0 0 0 0 0 0 0 0 0 0 0 0 0 0 0 0 0 0 0 0 0 0 0 0 0 0 0 0
0 0 0 0 0 0 0 0 0 0 0 0 0 0 0 0 0 0 0 0 0 0 0 0 0 0 0 0 0 0 0 0 0 0 0 0 0 0 0 0 0 0 0 0 0 0 0 0 0 0 0 0 0 0 0 0 0 0 0 0 0 0 0 0
0 0 0 0 0 0 0 0 0 0 0 0 0 0 0 0 0 0 0 0 0 0 0 0 0 0 0 0 0 0 0 0 0 0 0 0 0 0 0 0 0 0 0 0 0 0 0 0 0 0 0 0 0 0 0 0 0 0 0 0 0 0 0 0
0 0 0 0 0 0 0 0 0 0 0 0 0 0 0 0 0 0 0 0 0 0 0 0 0 0 0 0 0 0 0 0 0 0 0 0 0 0 0 0 0 0 0 0 0 0 0 0 0 0 0 0 0 0 0 0 0 0 0 0 0 0 0 0
0 0 0 0 0 0 0 0 0 0 0 0 0 0 0 0 0 0 0 0 0 0 0 0 0 0 0 0 0 0 0 0 0 0 0 0.29831 0 0 0 0 0 0 0 0 0 0 0 0 0 0 0 0 0 0 0 0 0 0 0 0 0 0 0 0
0 0 0 0 0 0 0 0 0 0 0 0 0 0 0 0 0 0 0 0 0 0 0 0 0 0 0 0 0 0 0 0 0 0 0 0.0834 0 0 0.061111 0 0 0 0 0 0 0 0 0 0 0 0 0 0 0 0 0 0 0 0 0 0 0 0 0
0 0 0 0 0 0 0 0 0 0 0 0 0 0 0 0 0 0 0 0 0 0 0 0 0 0 0 0 0 0 0 0 0 0 0 0 0 0 0 0 0 0 0 0 0 0 0 0 0 0 0 0 0 0 0 0 0 0 0 0 0 0 0 0
0 0 0 0 0 0 0 0 0 0 0 0 0 0 0.2002 0 0 0.088022 0 0 0 0 0.11587 0 0 0 0 0 0 0 0 0 0 0 0 0 0 0 0 0 0 0 0 0.051444 0 0 0 0 0 0 0 0 0 0 0 0 0 0 0 0 0 0 0 0.012733
0 0 0 0 0 0 0 0 0 0 0 0 0 0.12398 0.047622 0 0 0 0 0 0 0.25273 0 0.28984 0.15529 0 0 0 0 0 0 0 0 0 0 0 0 0 0 0 0 0 0 0 0.12162 0 0.1052 0.019911 0.095333 0 0.042111 0.086244 0 0 0 0 0 0 0 0.065578 0 0 0 0
0 0 0 0 0 0 0 0.023556 0.30249 0.30898 0.079933 0 0 0 0 0.00011111 0 0 0 0.090933 0 0 0 0.0016 0 0.27633 0.061933 0 0 0 0 0.28109 0 0 0.0434 0.15602 0 0.16533 0 0.028689 0 0 0 0.040044 0 0.034822 0.18058 0.16187 0.17289 0.12689 0.31851 0.025622 0 0 0 0 0 0 0 0 0 0 0 0
0.2218 0.35304 0 0 0 0.123 0.41031 0.36133 0.3348 0.0074444 0.038756 0.29796 0 0 0 0 0.16242 0 0.075467 0.27816 0.19849 0 0.31642 0.056356 0 0.32371 0 0 0.094689 0.32456 0.12793 0 0.089644 0.18144 0.027111 0.14842 0.21822 0 0.049644 0 0 0.31347 0 0.22504 0 0 0 0.029 0 0.075667 0.37784 0 0 0 0 0 0.063667 0 0 0.0026222 0.18031 0 0.070556 0.13009
0.0702 0 0 0 0 0.12251 0.34636 0.37238 0 0.11371 0.079756 0 0 0 0 0 0.34507 0 0 0.20907 0 0.10671 0 0 0 0 0 0 0.19284 0 0.065733 0.27067 0 0.029044 0 0.29018 0.13533 0.013956 0.25984 0 0.18229 0.013089 0 0.059711 0.23431 0 0.042289 0.20669 0.23273 0.15936 0.30558 0.23198 0 0 0.23844 0.29671 0.0056 0 0 0 0 0 0.22627 0.27924
0.035867 0 0 0 0 0.28402 0.011333 0 0.076333 0 0.14724 0.2118 0.0766 0.26747 0 0.21364 0 0 0.32171 0.24013 0.2906 0 0.24678 0.21647 0.047778 0.091578 0 0 0.051622 0.26487 0 0.16178 0 0 0.15736 0 0 0 0 0.17064 0.13136 0.080511 0.16262 0 0 0.20398 0 0.093489 0.10533 0 0.080289 0 0 0 0 0.13391 0.22682 0 0 0.049956 0.15227 0.20956 0 0
0.18333 0.0092222 0 0.15233 0 0 0 0 0.0068667 0 0.30444 0 0.055467 0.37049 0.40271 0 0.17518 0.37007 0.26342 0.34533 0.45689 0.2172 0.2584 0.17989 0 0.31831 0.10387 0.28609 0.41629 0.37787 0.35371 0.18371 0.23533 0.20729 0.28713 0 0.21456 0.28476 0 0.025333 0.19136 0.093311 0.28447 0.30782 0.10029 0.41196 0.12173 0.238 0.1762 0.075311 0 0.025156 0 0.086178 0.23327 0.13053 0 0 0 0.35298 0.0047556 0 0.2788 0.054778
0.20878 0.010244 0 0.24064 0.35831 0.29916 0.34664 0.17622 0.22444 0.023578 0.44189 0.42818 0.35856 0.19913 0.0758 0.14218 0.25838 0.073467 0.073222 0.037156 0.2414 0 0.103 0 0.13678 0.15004 0 0 0 0.1542 0.15662 0 0 0.072111 0 0.31584 0 0.11967 0.12331 0 0 0 0 0 0.24382 0.174 0 0 0 0.0816 0 0.11956 0.066333 0.16678 0 0 0.014556 0 0 0 0 0.19513 0 0
0.15833 0.30536 0.32671 0.32878 0.39244 0.38733 0.26198 0.3272 0.35316 0.23222 0.4694 0.16511 0.39118 0.33451 0.39911 0.41213 0.36271 0.49649 0.53598 0.54573 0.34953 0.39144 0.29689 0.34918 0.43358 0.44173 0.39447 0.25064 0.41431 0.25031 0.28758 0 0.29747 0.33764 0.43713 0.29511 0.27987 0.28216 0.40753 0.18344 0.27116 0.40878 0 0.12138 0.14587 0 0 0.055378 0.29651 0 0.20467 0.38891 0.25816 0.33204 0.23104 0.20936 0.31569 0.084556 0.13898 0 0.014911 0.028978 0.34876 0.025889
0.37398 0.32967 0.38947 0.43393 0.35664 0.29929 0.35758 0.36842 0.27667 0.29998 0.4306 0.45509 0.15631 0.45069 0.41624 0.37229 0.43196 0.31242 0.4092 0.30656 0.35193 0.38031 0.28902 0.37731 0.26364 0.40116 0.36676 0.37609 0.3996 0.43411 0.33933 0.39593 0.488 0.36944 0.41084 0.376 0.27624 0.34829 0.34349 0.31471 0.30738 0.25189 0.23924 0.39393 0.313 0.35742 0.19118 0.40196 0.36344 0.34584 0.1446 0.37433 0.35813 0.30238 0.059244 0.37687 0.28698 0.13727 0.013556 0 0.0282 0.34033 0.36196 0.26776
0 0.15998 0 0.074756 0 0 0.059844 0.14089 0.21893 0.062289 0.080222 0.29569 0.23847 0.36602 0.092289 0 0.1042 0 0.12756 0.13336 0.12376 0 0.022911 0 0.13904 0.26956 0.27676 0 0 0.23793 0 0.29693 0.087956 0 0.011222 0.20022 0.3434 0.14953 0.42487 0.39502 0 0.13796 0.17164 0.1072 0 0 0 0.26351 0.32762 0 0.18622 0 0 0 0.28507 0.26953 0.33793 0.29269 0.19082 0 0.20231 0.2502 0 0.0042
0 0 0 0.033356 0 0 0 0 0.020222 0.13213 0.10364 0 0.13353 0 0.075133 0 0 0.41527 0 0.20867 0 0 0 0 0 0 0 0 0.092289 0 0 0 0 0 0 0 0 0.21722 0.015933 0.073178 0 0 0 0 0 0 0 0 0 0 0 0 0 0.10853 0.1218 0 0.21149 0 0 0 0 0 0 0
0 0 0 0.041333 0 0 0 0 0 0.040622 0.24702 0.0095556 0 0.090956 0 0 0 0 0 0 0 0 0 0 0 0 0 0 0 0 0 0 0 0 0 0 0 0 0 0.11631 0.244 0 0 0 0 0 0 0 0 0 0 0 0 0.030778 0.040444 0 0 0 0.083244 0 0 0 0 0
0 0 0 0 0 0 0 0 0 0 0.22989 0 0.36713 0 0 0 0.011644 0.016244 0 0 0 0 0 0 0 0 0 0 0 0 0 0.035911 0 0 0 0 0 0 0 0.11102 0 0 0 0 0 0 0 0 0 0 0 0 0 0 0 0 0 0 0 0 0 0 0 0
0 0 0 0 0 0 0 0.040022 0.107 0 0.26109 0 0 0 0 0 0 0 0 0 0 0 0 0 0.1132 0 0 0 0 0 0 0 0 0 0 0 0 0 0 0 0 0 0 0 0 0 0 0 0 0 0 0 0 0 0 0 0 0 0 0 0 0 0 0
0 0 0 0 0 0 0 0 0 0 0 0 0 0 0 0 0 0 0 0 0 0 0 0 0 0 0 0 0 0 0 0 0 0 0 0.23633 0 0 0 0 0 0 0 0 0 0 0 0 0 0 0 0 0 0 0.034667 0 0.15756 0 0 0 0 0 0 0
0 0 0 0 0 0 0 0 0 0 0 0 0 0.060778 0 0 0 0 0 0 0 0 0 0 0 0 0 0 0 0 0 0 0 0 0.11647 0.033178 0 0 0 0 0 0 0 0 0 0 0 0 0 0 0 0 0 0 0.013422 0.25633 0 0.042489 0 0.095333 0 0.0057556 0 0
0 0 0 0 0 0 0 0 0 0 0 0 0 0 0.29551 0.15344 0 0 0 0 0 0 0.034867 0 0 0 0 0 0 0 0 0 0 0 0.035956 0.0013556 0 0 0 0 0 0 0 0 0 0 0 0 0 0 0 0 0 0.044067 0.19064 0.21656 0 0 0.13191 0 0.039844 0 0.00044444 0
0.24302 0 0 0 0 0 0 0 0 0 0 0 0 0.082978 0.23198 0.32271 0 0 0 0 0 0.018333 0.78433 0.035244 0 0 0 0 0 0 0 0 0 0 0 0 0 0 0 0 0 0 0 0 0 0 0 0 0 0 0.0022667 0.10573 0 0 0.061644 0.37078 0 0.13473 0.45778 0 0.41351 0 0 0
0.39642 0.46784 0.098822 0 0 0 0 0 0 0 0 0 0 0 0 0.23584 0 0 0 0 0 0.3008 0.51364 0 0 0 0 0 0 0.13591 0 0 0 0 0 0 0 0 0 0 0 0 0 0 0 0 0 0 0 0.21847 0.53629 0 0 0 0.144 0.24738 0.11284 0.11609 0.093689 0 0.36744 0.29307 0 0
0.45429 0.56171 0.059756 0 0 0 0 0 0 0 0 0 0 0 0 0 0 0 0 0 0 0 0 0.033089 0 0 0 0 0 0 0 0 0 0 0 0 0 0 0 0 0 0 0 0 0 0 0 0 0 8.8889e-05 0.35647 0 0.10989 0.21533 0.23229 0 0 0.3482 0 0 0.0052222 0.27302 0 0
0.40584 0.37713 0.068333 0 0 0 0 0 0 0 0 0 0 0 0 0 0 0 0 0 0 0 0 0 0 0 0 0 0 0.18249 0 0 0 0 0 0 0 0 0 0 0 0 0 0 0 0.061178 0 0.064467 0.058467 0 0 0 0 0 0.27833 0.4008 0.39449 0.32069 0.010844 0 0 0.071044 0 0
0.45193 0.27807 0 0 0 0 0 0 0 0 0 0 0 0 0 0 0 0 0 0 0 0 0 0 0 0 0 0 0 0.19969 0 0 0 0 0 0 0.041044 0 0 0 0 0 0 0 0.062889 0.013222 0.065956 0.14464 0.27556 0 0 0 0 0 0 0 0 0.060711 0.11513 0.16569 0 0 0 0
0.40991 0.30578 0.023644 0 0 0 0 0 0.36953 0.25373 0 0 0 0 0 0 0 0 0 0 0 0 0 0 0 0 0 0 0.043911 0.2836 0 0 0.063911 0 0 0.072467 0 0 0 0 0 0 0 0 0 0 0 0.18867 0 0 0 0 0 0 0 0 0 0.021111 0.044222 0 0 0 0 0
0.47149 0.36329 0 0 0 0 0 0 0.30627 0.31729 0 0 0 0 0 0 0 0 0 0 0 0 0 0 0 0 0 0 0 0.080289 0 0.063333 0 0 0.016511 0 0.0031333 0 0.0082444 0 0 0.0474 0 0 0 0.11827 0 0 0 0 0.018667 0.24102 0 0 0 0 0 0 0 0 0.098578 0 0.14469 0
0.35998 0 0 0 0 0 0 0 0 0 0 0 0 0 0 0 0 0 0 0 0 0 0 0 0 0 0 0 0 0 0 0.058156 0 0 0 0 0 0 0 0 0.12284 0.24613 0.046422 0 0 0 0.076867 0 0 0 0 0 0 0 0 0 0.085511 0.083556 0.078289 0.023022 0.12376 0.18087 0.013844 0
0.051733 0 0 0 0 0 0 0 0 0 0.019933 0 0 0 0 0 0 0 0 0 0 0 0 0 0 0 0 0 0 0.019156 0 0 0 0.039178 0 0 0 0 0 0.099689 0.0089111 0.26318 0 0 0 0 0 0 0 0 0 0 0.026511 0.1982 0.31036 0.55989 0.38429 0.30489 0.34613 0.24111 0 0 0 0
0.054022 0 0 0 0 0 0 0 0 0 0 0 0 0 0 0 0 0 0 0 0.089444 0.066244 0 0 0 0 0 0 0.10871 0 0 0 0 0 0.062511 0 0.10078 0.28922 0.056089 0.056022 0.028822 0 0 0 0 0.17689 0 0 0 0 0 0 0.089111 0.31731 0.42907 0.29342 0.16384 0.30458 0.20662 0.095533 0.096178 0.36531 0.049756 0
0.026511 0 0 0 0 0 0 0 0 0 0 0 0 0 0 0 0.0226 0.042111 0 0.030311 0 0 0 0 0 0 0 0 0.058644 0.046378 0.11684 0 0 0.050756 0.0060667 0.30191 0.039267 0 0.13411 0 0 0.11502 0 0 0 0 0 0.27327 0.3184 0 0 0 0 0.075733 0 0.17704 0.13289 0.28324 0.023867 0.21482 0 0 0.076933 0
0 0 0 0 0 0 0 0 0 0 0 0 0 0 0 0.0015111 0 0.056778 0 0 0 0 0 0 0.022222 0.038378 0 0 0 0 0.024444 0 0 0 0.0057333 0.013378 0 0.10696 0 0 0 0.34938 0 0 0.12996 0.27129 0 0.20651 0 0 0 0 0 0 0 0.0076667 0.24476 0.086978 0.10416 0.2028 0.061556 0 0 0
0 0 0 0 0 0 0 0 0 0 0 0 0 0.057311 0 0 0.11996 0 0 0 0 0 0 0.34824 0.14711 0 0 0 0.12662 0 0 0.030756 0 0.046533 0.16753 0 0 0 0 0 0 0 0 0.12404 0.29231 0.060667 0 0 0 0.011889 0 0 0 0 0 0 0 0 0 0.090422 0.0073556 0 0 0.14527
0 0 0 0 0 0 0 0 0 0 0 0 0 0 0 0 0 0 0 0.12818 0 0 0 0 0.019089 0 0 0 0 0 0 0.11047 0.062622 0 0.054644 0.0152 0.082867 0 0.084822 0 0 0 0 0.11427 0.25113 0 0 0.0070667 0.12504 0.27344 0.19251 0 0 0.25444 0 0.0054444 0 0 0 0 0.095622 0.024067 0.17893 0.18873
0 0 0 0 0 0 0 0 0 0 0 0 0 0 0 0.074956 0 0 0.094156 0.32367 0.2772 0.025889 0 0.0013556 0.055622 0 0 0 0 0 0 0 0.034133 0 0.070667 0.086067 0 0.085511 0.014733 0 0 0 0 0 0.14358 0.18749 0.42958 0.045022 0 0 0 0 0.083911 0.23087 0 0 0 0 0 0 0 0 0.18964 0.0874
0 0 0 0 0 0.0948 0 0 0 0 0 0 0 0 0.094511 0 0 0 0.22409 0.47673 0.15951 0 0 0 0 0 0 0 0 0 0 0 0 0 0.0044889 0 0 0.019378 0 0 0 0 0 0 0 0.061556 0.54956 0.17376 0.30731 0.13347 0.15398 0 0.15391 0 0 0 0 0 0 0 0 0.12253 0.020467 0
0 0 0 0 0 0 0 0 0 0.099311 0 0.032156 0 0 0 0.16324 0 0 0.17733 0.060111 0.31209 0.3678 0.10398 0 0 0 0 0 0 0.37873 0 0 0 0 0 0 0 0 0 0 0 0 0 0 0 0.16342 0.11738 0.085044 0.17456 0.26609 0.27278 0.31442 0 0.14747 0 0 0 0 0 0 0 0 0 0
0 0 0 0 0 0 0 0 0 0.056511 0 0.035 0 0 0 0.075978 0 0 0.10951 0.0025556 0.28133 0.27471 0.12091 0 0 0 0 0 0 0.47731 0.23649 0 0 0.0048222 0 0 0 0 0 0 0 0 0 0 0 0 0 0 0 0.17664 0.10124 0.015267 0.010067 0 0 0 0 0.22947 0.22322 0.11124 0 0 0 0
0 0 0 0 0 0 0 0 0 0 0 0.30049 0 0 0.064644 0.15449 0 0 0.058644 0 0 0 0 0 0 0 0 0 0 0.1114 0.090222 0 0 0 0 0 0.070422 0 0 0 0 0 0 0 0 0 0 0 0.035533 0 0 0 0 0 0 0.31542 0 0.1254 0 0 0 0 0 0
0 0 0 0 0 0 0 0 0 0 0 0 0.27702 0 0 0 0 0 0 0 0 0 0 0 0 0 0 0 0 0 0 0 0 0 0 0 0.37349 0.12736 0 0 0 0 0 0 0 0 0 0.065178 0.049067 0 0 0 0 0 0 0 0 0 0.0314 0.027578 0.28593 0.30716 0 0
0 0 0 0 0 0 0 0.061289 0.14078 0.22173 0.091044 0.28402 0 0.10018 0 0.0346 0 0.049133 0 0.068267 0 0.016889 0.16011 0 0 0 0 0 0 0 0 0 0 0 0 0 0 0 0 0.035822 0.1336 0.25953 0 0 0 0 0 0 0 0 0 0 0 0 0 0 0 0.086222 0 0 0.18664 0.39942 0 0.080778
0.071089 0.028911 0 0 0 0 0.0946 0.11769 0 0.036667 0.15527 0 0 0.0166 0 0.16518 0.15598 0 0 0.15153 0.1964 0.34427 0.59411 0.41553 0 0 0 0 0 0 0 0 0 0 0.29009 0 0 0.096244 0 0.13204 0.43876 0.14791 0 0 0 0 0 0 0 0 0 0 0.13567 0.14682 0 0 0 0 0 0 0.047133 0 0 0.23753
0 0.22718 0 0 0 0 0.096467 0 0.035133 0.17316 0.12049 0 0 0 0 0.049022 0 0.12224 0.40667 0.47451 0.64978 0.32596 0.45682 0.23307 0 0 0 0 0 0 0 0 0.24791 0 0.0856 0 0 0 0 0 0.25727 0 0 0 0 0 0 0 0 0 0 0 0 0.44351 0 0.11816 0 0 0 0 0.30616 0.24653 0.1996 0.0838
